0	1	1	0
0.01	0.99005	0.99	-4.98337e-05
0.02	0.980199	0.9801	-9.86733e-05
0.03	0.970446	0.970299	-0.000146534
0.04	0.960789	0.960596	-0.000193429
0.05	0.951229	0.95099	-0.000239375
0.06	0.941765	0.94148	-0.000284384
0.07	0.932394	0.932065	-0.000328472
0.08	0.923116	0.922745	-0.000371652
0.09	0.913931	0.913517	-0.000413938
0.1	0.904837	0.904382	-0.000455343
0.11	0.895834	0.895338	-0.000495881
0.12	0.88692	0.886385	-0.000535565
0.13	0.878095	0.877521	-0.000574408
0.14	0.869358	0.868746	-0.000612423
0.15	0.860708	0.860058	-0.000649622
0.16	0.852144	0.851458	-0.000686018
0.17	0.843665	0.842943	-0.000721623
0.18	0.83527	0.834514	-0.00075645
0.19	0.826959	0.826169	-0.00079051
0.2	0.818731	0.817907	-0.000823815
0.21	0.810584	0.809728	-0.000856378
0.22	0.802519	0.801631	-0.000888208
0.23	0.794534	0.793614	-0.000919319
0.24	0.786628	0.785678	-0.00094972
0.25	0.778801	0.777821	-0.000979424
0.26	0.771052	0.770043	-0.00100844
0.27	0.763379	0.762343	-0.00103678
0.28	0.755784	0.754719	-0.00106445
0.29	0.748264	0.747172	-0.00109147
0.3	0.740818	0.7397	-0.00111785
0.31	0.733447	0.732303	-0.00114359
0.32	0.726149	0.72498	-0.0011687
0.33	0.718924	0.717731	-0.0011932
0.34	0.71177	0.710553	-0.0012171
0.35	0.704688	0.703448	-0.00124039
0.36	0.697676	0.696413	-0.00126311
0.37	0.690734	0.689449	-0.00128524
0.38	0.683861	0.682555	-0.00130681
0.39	0.677057	0.675729	-0.00132783
0.4	0.67032	0.668972	-0.00134829
0.41	0.66365	0.662282	-0.00136821
0.42	0.657047	0.655659	-0.0013876
0.43	0.650509	0.649103	-0.00140647
0.44	0.644036	0.642612	-0.00142482
0.45	0.637628	0.636185	-0.00144267
0.46	0.631284	0.629824	-0.00146001
0.47	0.625002	0.623525	-0.00147687
0.48	0.618783	0.61729	-0.00149325
0.49	0.612626	0.611117	-0.00150915
0.5	0.606531	0.605006	-0.00152459
0.51	0.600496	0.598956	-0.00153957
0.52	0.594521	0.592966	-0.0015541
0.53	0.588605	0.587037	-0.00156819
0.54	0.582748	0.581166	-0.00158184
0.55	0.57695	0.575355	-0.00159506
0.56	0.571209	0.569601	-0.00160786
0.57	0.565525	0.563905	-0.00162025
0.58	0.559898	0.558266	-0.00163223
0.59	0.554327	0.552683	-0.00164381
0.6	0.548812	0.547157	-0.00165499
0.61	0.543351	0.541685	-0.00166579
0.62	0.537944	0.536268	-0.00167621
0.63	0.532592	0.530906	-0.00168626
0.64	0.527292	0.525596	-0.00169594
0.65	0.522046	0.520341	-0.00170525
0.66	0.516851	0.515137	-0.00171422
0.67	0.511709	0.509986	-0.00172283
0.68	0.506617	0.504886	-0.0017311
0.69	0.501576	0.499837	-0.00173904
0.7	0.496585	0.494839	-0.00174664
0.71	0.491644	0.48989	-0.00175392
0.72	0.486752	0.484991	-0.00176089
0.73	0.481909	0.480141	-0.00176753
0.74	0.477114	0.47534	-0.00177387
0.75	0.472367	0.470587	-0.00177991
0.76	0.467666	0.465881	-0.00178565
0.77	0.463013	0.461222	-0.0017911
0.78	0.458406	0.45661	-0.00179626
0.79	0.453845	0.452044	-0.00180115
0.8	0.449329	0.447523	-0.00180575
0.81	0.444858	0.443048	-0.00181008
0.82	0.440432	0.438618	-0.00181415
0.83	0.436049	0.434231	-0.00181796
0.84	0.431711	0.429889	-0.00182151
0.85	0.427415	0.42559	-0.00182481
0.86	0.423162	0.421334	-0.00182786
0.87	0.418952	0.417121	-0.00183067
0.88	0.414783	0.41295	-0.00183324
0.89	0.410656	0.40882	-0.00183558
0.9	0.40657	0.404732	-0.00183769
0.91	0.402524	0.400685	-0.00183957
0.92	0.398519	0.396678	-0.00184123
0.93	0.394554	0.392711	-0.00184268
0.94	0.390628	0.388784	-0.00184392
0.95	0.386741	0.384896	-0.00184494
0.96	0.382893	0.381047	-0.00184577
0.97	0.379083	0.377237	-0.00184639
0.98	0.375311	0.373464	-0.00184682
0.99	0.371577	0.36973	-0.00184705
1	0.367879	0.366032	-0.0018471
1.01	0.364219	0.362372	-0.00184696
1.02	0.360595	0.358748	-0.00184664
1.03	0.357007	0.355161	-0.00184615
1.04	0.353455	0.351609	-0.00184548
1.05	0.349938	0.348093	-0.00184463
1.06	0.346456	0.344612	-0.00184363
1.07	0.343009	0.341166	-0.00184246
1.08	0.339596	0.337754	-0.00184112
1.09	0.336216	0.334377	-0.00183964
1.1	0.332871	0.331033	-0.001838
1.11	0.329559	0.327723	-0.0018362
1.12	0.32628	0.324446	-0.00183426
1.13	0.323033	0.321201	-0.00183218
1.14	0.319819	0.317989	-0.00182996
1.15	0.316637	0.314809	-0.0018276
1.16	0.313486	0.311661	-0.0018251
1.17	0.310367	0.308544	-0.00182247
1.18	0.307279	0.305459	-0.00181971
1.19	0.304221	0.302404	-0.00181683
1.2	0.301194	0.29938	-0.00181382
1.21	0.298197	0.296387	-0.00181069
1.22	0.29523	0.293423	-0.00180745
1.23	0.292293	0.290488	-0.00180408
1.24	0.289384	0.287584	-0.00180061
1.25	0.286505	0.284708	-0.00179702
1.26	0.283654	0.281861	-0.00179333
1.27	0.280832	0.279042	-0.00178953
1.28	0.278037	0.276252	-0.00178563
1.29	0.275271	0.273489	-0.00178163
1.3	0.272532	0.270754	-0.00177753
1.31	0.26982	0.268047	-0.00177334
1.32	0.267135	0.265366	-0.00176905
1.33	0.264477	0.262713	-0.00176467
1.34	0.261846	0.260085	-0.00176021
1.35	0.25924	0.257485	-0.00175565
1.36	0.256661	0.25491	-0.00175102
1.37	0.254107	0.252361	-0.0017463
1.38	0.251579	0.249837	-0.0017415
1.39	0.249075	0.247339	-0.00173662
1.4	0.246597	0.244865	-0.00173166
1.41	0.244143	0.242417	-0.00172664
1.42	0.241714	0.239992	-0.00172154
1.43	0.239309	0.237593	-0.00171637
1.44	0.236928	0.235217	-0.00171113
1.45	0.23457	0.232864	-0.00170583
1.46	0.232236	0.230536	-0.00170046
1.47	0.229925	0.22823	-0.00169503
1.48	0.227638	0.225948	-0.00168953
1.49	0.225373	0.223689	-0.00168398
1.5	0.22313	0.221452	-0.00167837
1.51	0.22091	0.219237	-0.00167271
1.52	0.218712	0.217045	-0.00166699
1.53	0.216536	0.214874	-0.00166122
1.54	0.214381	0.212726	-0.0016554
1.55	0.212248	0.210598	-0.00164953
1.56	0.210136	0.208492	-0.00164361
1.57	0.208045	0.206408	-0.00163765
1.58	0.205975	0.204343	-0.00163164
1.59	0.203926	0.2023	-0.00162558
1.6	0.201897	0.200277	-0.00161949
1.61	0.199888	0.198274	-0.00161336
1.62	0.197899	0.196292	-0.00160719
1.63	0.19593	0.194329	-0.00160098
1.64	0.19398	0.192385	-0.00159473
1.65	0.19205	0.190461	-0.00158845
1.66	0.190139	0.188557	-0.00158213
1.67	0.188247	0.186671	-0.00157579
1.68	0.186374	0.184805	-0.00156941
1.69	0.18452	0.182957	-0.00156301
1.7	0.182684	0.181127	-0.00155657
1.71	0.180866	0.179316	-0.00155011
1.72	0.179066	0.177523	-0.00154362
1.73	0.177284	0.175747	-0.00153711
1.74	0.17552	0.17399	-0.00153057
1.75	0.173774	0.17225	-0.00152401
1.76	0.172045	0.170527	-0.00151743
1.77	0.170333	0.168822	-0.00151083
1.78	0.168638	0.167134	-0.00150421
1.79	0.16696	0.165463	-0.00149757
1.8	0.165299	0.163808	-0.00149092
1.81	0.163654	0.16217	-0.00148425
1.82	0.162026	0.160548	-0.00147756
1.83	0.160414	0.158943	-0.00147086
1.84	0.158817	0.157353	-0.00146414
1.85	0.157237	0.15578	-0.00145742
1.86	0.155673	0.154222	-0.00145068
1.87	0.154124	0.15268	-0.00144393
1.88	0.15259	0.151153	-0.00143717
1.89	0.151072	0.149641	-0.0014304
1.9	0.149569	0.148145	-0.00142363
1.91	0.14808	0.146664	-0.00141684
1.92	0.146607	0.145197	-0.00141006
1.93	0.145148	0.143745	-0.00140326
1.94	0.143704	0.142307	-0.00139646
1.95	0.142274	0.140884	-0.00138966
1.96	0.140858	0.139476	-0.00138285
1.97	0.139457	0.138081	-0.00137604
1.98	0.138069	0.1367	-0.00136923
1.99	0.136695	0.135333	-0.00136242
2	0.135335	0.13398	-0.00135561
2.01	0.133989	0.13264	-0.0013488
2.02	0.132655	0.131313	-0.00134199
2.03	0.131336	0.13	-0.00133518
2.04	0.130029	0.1287	-0.00132837
2.05	0.128735	0.127413	-0.00132157
2.06	0.127454	0.126139	-0.00131477
2.07	0.126186	0.124878	-0.00130797
2.08	0.12493	0.123629	-0.00130118
2.09	0.123687	0.122393	-0.00129439
2.1	0.122456	0.121169	-0.00128761
2.11	0.121238	0.119957	-0.00128084
2.12	0.120032	0.118758	-0.00127407
2.13	0.118837	0.11757	-0.00126731
2.14	0.117655	0.116394	-0.00126056
2.15	0.116484	0.11523	-0.00125382
2.16	0.115325	0.114078	-0.00124709
2.17	0.114178	0.112937	-0.00124036
2.18	0.113042	0.111808	-0.00123365
2.19	0.111917	0.11069	-0.00122695
2.2	0.110803	0.109583	-0.00122025
2.21	0.109701	0.108487	-0.00121357
2.22	0.108609	0.107402	-0.0012069
2.23	0.107528	0.106328	-0.00120025
2.24	0.106459	0.105265	-0.0011936
2.25	0.105399	0.104212	-0.00118697
2.26	0.10435	0.10317	-0.00118035
2.27	0.103312	0.102138	-0.00117375
2.28	0.102284	0.101117	-0.00116716
2.29	0.101266	0.100106	-0.00116059
2.3	0.100259	0.0991048	-0.00115403
2.31	0.0992613	0.0981138	-0.00114748
2.32	0.0982736	0.0971326	-0.00114096
2.33	0.0972957	0.0961613	-0.00113444
2.34	0.0963276	0.0951997	-0.00112795
2.35	0.0953692	0.0942477	-0.00112147
2.36	0.0944202	0.0933052	-0.00111501
2.37	0.0934807	0.0923722	-0.00110856
2.38	0.0925506	0.0914484	-0.00110213
2.39	0.0916297	0.090534	-0.00109573
2.4	0.090718	0.0896286	-0.00108933
2.41	0.0898153	0.0887323	-0.00108296
2.42	0.0889216	0.087845	-0.00107661
2.43	0.0880368	0.0869666	-0.00107027
2.44	0.0871609	0.0860969	-0.00106396
2.45	0.0862936	0.0852359	-0.00105766
2.46	0.085435	0.0843836	-0.00105139
2.47	0.0845849	0.0835397	-0.00104513
2.48	0.0837432	0.0827043	-0.00103889
2.49	0.08291	0.0818773	-0.00103268
2.5	0.082085	0.0810585	-0.00102648
2.51	0.0812682	0.0802479	-0.00102031
2.52	0.0804596	0.0794455	-0.00101416
2.53	0.079659	0.078651	-0.00100802
2.54	0.0788664	0.0778645	-0.00100191
2.55	0.0780817	0.0770858	-0.000995824
2.56	0.0773047	0.076315	-0.000989757
2.57	0.0765355	0.0755518	-0.000983711
2.58	0.075774	0.0747963	-0.000977688
2.59	0.07502	0.0740484	-0.000971688
2.6	0.0742736	0.0733079	-0.000965709
2.61	0.0735345	0.0725748	-0.000959753
2.62	0.0728029	0.071849	-0.00095382
2.63	0.0720785	0.0711306	-0.00094791
2.64	0.0713613	0.0704192	-0.000942023
2.65	0.0706512	0.0697151	-0.000936159
2.66	0.0699482	0.0690179	-0.000930318
2.67	0.0692522	0.0683277	-0.000924501
2.68	0.0685632	0.0676444	-0.000918707
2.69	0.0678809	0.066968	-0.000912937
2.7	0.0672055	0.0662983	-0.00090719
2.71	0.0665368	0.0656353	-0.000901467
2.72	0.0658748	0.064979	-0.000895768
2.73	0.0652193	0.0643292	-0.000890093
2.74	0.0645703	0.0636859	-0.000884443
2.75	0.0639279	0.063049	-0.000878816
2.76	0.0632918	0.0624186	-0.000873214
2.77	0.062662	0.0617944	-0.000867636
2.78	0.0620385	0.0611764	-0.000862082
2.79	0.0614212	0.0605647	-0.000856553
2.8	0.0608101	0.059959	-0.000851048
2.81	0.060205	0.0593594	-0.000845568
2.82	0.0596059	0.0587658	-0.000840112
2.83	0.0590129	0.0581782	-0.000834682
2.84	0.0584257	0.0575964	-0.000829276
2.85	0.0578443	0.0570204	-0.000823895
2.86	0.0572688	0.0564502	-0.000818538
2.87	0.0566989	0.0558857	-0.000813207
2.88	0.0561348	0.0553269	-0.0008079
2.89	0.0555762	0.0547736	-0.000802619
2.9	0.0550232	0.0542259	-0.000797362
2.91	0.0544757	0.0536836	-0.00079213
2.92	0.0539337	0.0531468	-0.000786924
2.93	0.053397	0.0526153	-0.000781742
2.94	0.0528657	0.0520891	-0.000776586
2.95	0.0523397	0.0515683	-0.000771454
2.96	0.0518189	0.0510526	-0.000766348
2.97	0.0513033	0.050542	-0.000761267
2.98	0.0507928	0.0500366	-0.000756211
2.99	0.0502874	0.0495363	-0.00075118
3	0.0497871	0.0490409	-0.000746174
3.01	0.0492917	0.0485505	-0.000741194
3.02	0.0488012	0.048065	-0.000736238
3.03	0.0483156	0.0475843	-0.000731308
3.04	0.0478349	0.0471085	-0.000726402
3.05	0.0473589	0.0466374	-0.000721522
3.06	0.0468877	0.046171	-0.000716667
3.07	0.0464212	0.0457093	-0.000711837
3.08	0.0459593	0.0452522	-0.000707032
3.09	0.045502	0.0447997	-0.000702252
3.1	0.0450492	0.0443517	-0.000697497
3.11	0.044601	0.0439082	-0.000692767
3.12	0.0441572	0.0434691	-0.000688062
3.13	0.0437178	0.0430344	-0.000683382
3.14	0.0432828	0.0426041	-0.000678727
3.15	0.0428521	0.042178	-0.000674096
3.16	0.0424257	0.0417563	-0.000669491
3.17	0.0420036	0.0413387	-0.00066491
3.18	0.0415857	0.0409253	-0.000660354
3.19	0.0411719	0.040516	-0.000655823
3.2	0.0407622	0.0401109	-0.000651316
3.21	0.0403566	0.0397098	-0.000646835
3.22	0.0399551	0.0393127	-0.000642377
3.23	0.0395575	0.0389196	-0.000637945
3.24	0.0391639	0.0385304	-0.000633537
3.25	0.0387742	0.0381451	-0.000629153
3.26	0.0383884	0.0377636	-0.000624794
3.27	0.0380064	0.037386	-0.000620459
3.28	0.0376283	0.0370121	-0.000616148
3.29	0.0372538	0.036642	-0.000611862
3.3	0.0368832	0.0362756	-0.0006076
3.31	0.0365162	0.0359128	-0.000603362
3.32	0.0361528	0.0355537	-0.000599148
3.33	0.0357931	0.0351981	-0.000594958
3.34	0.035437	0.0348462	-0.000590792
3.35	0.0350844	0.0344977	-0.00058665
3.36	0.0347353	0.0341527	-0.000582532
3.37	0.0343896	0.0338112	-0.000578438
3.38	0.0340475	0.0334731	-0.000574367
3.39	0.0337087	0.0331384	-0.00057032
3.4	0.0333733	0.032807	-0.000566297
3.41	0.0330412	0.0324789	-0.000562297
3.42	0.0327124	0.0321541	-0.000558321
3.43	0.0323869	0.0318326	-0.000554368
3.44	0.0320647	0.0315142	-0.000550438
3.45	0.0317456	0.0311991	-0.000546531
3.46	0.0314298	0.0308871	-0.000542648
3.47	0.031117	0.0305782	-0.000538788
3.48	0.0308074	0.0302725	-0.000534951
3.49	0.0305009	0.0299697	-0.000531136
3.5	0.0301974	0.02967	-0.000527345
3.51	0.0298969	0.0293733	-0.000523576
3.52	0.0295994	0.0290796	-0.00051983
3.53	0.0293049	0.0287888	-0.000516107
3.54	0.0290133	0.0285009	-0.000512407
3.55	0.0287246	0.0282159	-0.000508728
3.56	0.0284388	0.0279338	-0.000505072
3.57	0.0281559	0.0276544	-0.000501439
3.58	0.0278757	0.0273779	-0.000497828
3.59	0.0275983	0.0271041	-0.000494239
3.6	0.0273237	0.0268331	-0.000490672
3.61	0.0270518	0.0265647	-0.000487126
3.62	0.0267827	0.0262991	-0.000483603
3.63	0.0265162	0.0260361	-0.000480102
3.64	0.0262523	0.0257757	-0.000476622
3.65	0.0259911	0.025518	-0.000473164
3.66	0.0257325	0.0252628	-0.000469728
3.67	0.0254765	0.0250102	-0.000466313
3.68	0.025223	0.0247601	-0.000462919
3.69	0.024972	0.0245125	-0.000459547
3.7	0.0247235	0.0242673	-0.000456196
3.71	0.0244775	0.0240247	-0.000452866
3.72	0.024234	0.0237844	-0.000449557
3.73	0.0239928	0.0235466	-0.00044627
3.74	0.0237541	0.0233111	-0.000443002
3.75	0.0235177	0.023078	-0.000439756
3.76	0.0232837	0.0228472	-0.000436531
3.77	0.0230521	0.0226187	-0.000433326
3.78	0.0228227	0.0223926	-0.000430141
3.79	0.0225956	0.0221686	-0.000426977
3.8	0.0223708	0.0219469	-0.000423833
3.81	0.0221482	0.0217275	-0.00042071
3.82	0.0219278	0.0215102	-0.000417606
3.83	0.0217096	0.0212951	-0.000414523
3.84	0.0214936	0.0210821	-0.00041146
3.85	0.0212797	0.0208713	-0.000408416
3.86	0.021068	0.0206626	-0.000405393
3.87	0.0208584	0.020456	-0.000402389
3.88	0.0206508	0.0202514	-0.000399404
3.89	0.0204453	0.0200489	-0.000396439
3.9	0.0202419	0.0198484	-0.000393494
3.91	0.0200405	0.0196499	-0.000390567
3.92	0.0198411	0.0194534	-0.00038766
3.93	0.0196437	0.0192589	-0.000384773
3.94	0.0194482	0.0190663	-0.000381904
3.95	0.0192547	0.0188756	-0.000379054
3.96	0.0190631	0.0186869	-0.000376223
3.97	0.0188734	0.0185	-0.000373411
3.98	0.0186856	0.018315	-0.000370617
3.99	0.0184997	0.0181319	-0.000367842
4	0.0183156	0.0179506	-0.000365086
4.01	0.0181334	0.017771	-0.000362347
4.02	0.017953	0.0175933	-0.000359628
4.03	0.0177743	0.0174174	-0.000356926
4.04	0.0175975	0.0172432	-0.000354243
4.05	0.0174224	0.0170708	-0.000351577
4.06	0.017249	0.0169001	-0.00034893
4.07	0.0170774	0.0167311	-0.0003463
4.08	0.0169075	0.0165638	-0.000343688
4.09	0.0167392	0.0163981	-0.000341094
4.1	0.0165727	0.0162342	-0.000338517
4.11	0.0164078	0.0160718	-0.000335957
4.12	0.0162445	0.0159111	-0.000333416
4.13	0.0160829	0.015752	-0.000330891
4.14	0.0159229	0.0155945	-0.000328384
4.15	0.0157644	0.0154385	-0.000325893
4.16	0.0156076	0.0152841	-0.00032342
4.17	0.0154523	0.0151313	-0.000320963
4.18	0.0152985	0.01498	-0.000318524
4.19	0.0151463	0.0148302	-0.000316101
4.2	0.0149956	0.0146819	-0.000313695
4.21	0.0148464	0.0145351	-0.000311305
4.22	0.0146986	0.0143897	-0.000308932
4.23	0.0145524	0.0142458	-0.000306575
4.24	0.0144076	0.0141034	-0.000304235
4.25	0.0142642	0.0139623	-0.00030191
4.26	0.0141223	0.0138227	-0.000299602
4.27	0.0139818	0.0136845	-0.00029731
4.28	0.0138427	0.0135476	-0.000295033
4.29	0.0137049	0.0134122	-0.000292773
4.3	0.0135686	0.013278	-0.000290528
4.31	0.0134335	0.0131453	-0.000288299
4.32	0.0132999	0.0130138	-0.000286085
4.33	0.0131675	0.0128837	-0.000283887
4.34	0.0130365	0.0127548	-0.000281705
4.35	0.0129068	0.0126273	-0.000279537
4.36	0.0127784	0.012501	-0.000277385
4.37	0.0126512	0.012376	-0.000275248
4.38	0.0125254	0.0122522	-0.000273126
4.39	0.0124007	0.0121297	-0.000271019
4.4	0.0122773	0.0120084	-0.000268927
4.41	0.0121552	0.0118883	-0.000266849
4.42	0.0120342	0.0117694	-0.000264787
4.43	0.0119145	0.0116518	-0.000262738
4.44	0.0117959	0.0115352	-0.000260705
4.45	0.0116786	0.0114199	-0.000258686
4.46	0.0115624	0.0113057	-0.000256681
4.47	0.0114473	0.0111926	-0.00025469
4.48	0.0113334	0.0110807	-0.000252714
4.49	0.0112206	0.0109699	-0.000250751
4.5	0.011109	0.0108602	-0.000248803
4.51	0.0109985	0.0107516	-0.000246868
4.52	0.010889	0.0106441	-0.000244948
4.53	0.0107807	0.0105376	-0.000243041
4.54	0.0106734	0.0104323	-0.000241148
4.55	0.0105672	0.0103279	-0.000239268
4.56	0.0104621	0.0102247	-0.000237402
4.57	0.010358	0.0101224	-0.00023555
4.58	0.0102549	0.0100212	-0.00023371
4.59	0.0101529	0.00992097	-0.000231884
4.6	0.0100518	0.00982176	-0.000230071
4.61	0.00995182	0.00972355	-0.000228271
4.62	0.0098528	0.00962631	-0.000226485
4.63	0.00975476	0.00953005	-0.000224711
4.64	0.0096577	0.00943475	-0.00022295
4.65	0.0095616	0.0093404	-0.000221202
4.66	0.00946646	0.009247	-0.000219466
4.67	0.00937227	0.00915453	-0.000217743
4.68	0.00927901	0.00906298	-0.000216033
4.69	0.00918669	0.00897235	-0.000214335
4.7	0.00909528	0.00888263	-0.000212649
4.71	0.00900478	0.0087938	-0.000210976
4.72	0.00891518	0.00870586	-0.000209315
4.73	0.00882647	0.0086188	-0.000207666
4.74	0.00873865	0.00853262	-0.000206029
4.75	0.0086517	0.00844729	-0.000204405
4.76	0.00856561	0.00836282	-0.000202792
4.77	0.00848038	0.00827919	-0.000201191
4.78	0.008396	0.0081964	-0.000199601
4.79	0.00831246	0.00811443	-0.000198024
4.8	0.00822975	0.00803329	-0.000196458
4.81	0.00814786	0.00795296	-0.000194903
4.82	0.00806679	0.00787343	-0.00019336
4.83	0.00798652	0.00779469	-0.000191829
4.84	0.00790705	0.00771675	-0.000190308
4.85	0.00782838	0.00763958	-0.000188799
4.86	0.00775048	0.00756318	-0.000187301
4.87	0.00767337	0.00748755	-0.000185815
4.88	0.00759701	0.00741268	-0.000184339
4.89	0.00752142	0.00733855	-0.000182874
4.9	0.00744658	0.00726516	-0.00018142
4.91	0.00737249	0.00719251	-0.000179977
4.92	0.00729913	0.00712059	-0.000178545
4.93	0.0072265	0.00704938	-0.000177123
4.94	0.0071546	0.00697889	-0.000175712
4.95	0.00708341	0.0069091	-0.000174311
4.96	0.00701293	0.00684001	-0.000172921
4.97	0.00694315	0.00677161	-0.000171542
4.98	0.00687406	0.00670389	-0.000170172
4.99	0.00680566	0.00663685	-0.000168813
5	0.00673795	0.00657048	-0.000167464
