0	0	0
0.0001	9.66664e-10	2.56995e-05
0.0002	6.1339e-09	0.000100527
0.0003	1.86187e-08	0.000221357
0.0004	4.13393e-08	0.000385255
0.0005	7.70278e-08	0.00058947
0.0006	1.28241e-07	0.000831418
0.0007	1.97372e-07	0.00110868
0.0008	2.8666e-07	0.00141897
0.0009	3.982e-07	0.00176017
0.001	5.33949e-07	0.00213027
0.0011	6.95739e-07	0.00252738
0.0012	8.85283e-07	0.00294975
0.0013	1.10418e-06	0.00339571
0.0014	1.35392e-06	0.00386371
0.0015	1.63591e-06	0.00435228
0.0016	1.95144e-06	0.00486005
0.0017	2.30172e-06	0.00538573
0.0018	2.6879e-06	0.00592811
0.0019	3.11103e-06	0.00648605
0.002	3.57209e-06	0.00705848
0.0021	4.07199e-06	0.00764438
0.0022	4.61158e-06	0.00824282
0.0023	5.19167e-06	0.0088529
0.0024	5.81297e-06	0.00947379
0.0025	6.47617e-06	0.0101047
0.0026	7.18191e-06	0.0107449
0.0027	7.93076e-06	0.0113936
0.0028	8.72326e-06	0.0120503
0.0029	9.5599e-06	0.0127143
0.003	1.04412e-05	0.013385
0.0031	1.13674e-05	0.0140619
0.0032	1.23391e-05	0.0147444
0.0033	1.33566e-05	0.0154321
0.0034	1.44201e-05	0.0161244
0.0035	1.553e-05	0.0168211
0.0036	1.66866e-05	0.0175216
0.0037	1.789e-05	0.0182255
0.0038	1.91406e-05	0.0189326
0.0039	2.04384e-05	0.0196424
0.004	2.17836e-05	0.0203546
0.0041	2.31764e-05	0.021069
0.0042	2.4617e-05	0.0217852
0.0043	2.61054e-05	0.0225029
0.0044	2.76416e-05	0.0232219
0.0045	2.92259e-05	0.0239419
0.0046	3.08582e-05	0.0246627
0.0047	3.25386e-05	0.0253841
0.0048	3.42671e-05	0.0261058
0.0049	3.60438e-05	0.0268277
0.005	3.78685e-05	0.0275495
0.0051	3.97414e-05	0.0282711
0.0052	4.16624e-05	0.0289923
0.0053	4.36314e-05	0.0297129
0.0054	4.56484e-05	0.0304328
0.0055	4.77134e-05	0.0311518
0.0056	4.98262e-05	0.0318698
0.0057	5.19869e-05	0.0325866
0.0058	5.41952e-05	0.0333021
0.0059	5.64513e-05	0.0340162
0.006	5.87548e-05	0.0347287
0.0061	6.11057e-05	0.0354396
0.0062	6.3504e-05	0.0361486
0.0063	6.59494e-05	0.0368558
0.0064	6.84419e-05	0.037561
0.0065	7.09813e-05	0.0382641
0.0066	7.35674e-05	0.0389649
0.0067	7.62002e-05	0.0396635
0.0068	7.88794e-05	0.0403597
0.0069	8.16049e-05	0.0410535
0.007	8.43765e-05	0.0417447
0.0071	8.71941e-05	0.0424332
0.0072	9.00575e-05	0.0431191
0.0073	9.29664e-05	0.0438022
0.0074	9.59207e-05	0.0444824
0.0075	9.89202e-05	0.0451596
0.0076	0.000101965	0.0458339
0.0077	0.000105054	0.0465051
0.0078	0.000108188	0.0471731
0.0079	0.000111366	0.047838
0.008	0.000114589	0.0484995
0.0081	0.000117855	0.0491578
0.0082	0.000121165	0.0498126
0.0083	0.000124519	0.050464
0.0084	0.000127916	0.0511119
0.0085	0.000131355	0.0517563
0.0086	0.000134838	0.052397
0.0087	0.000138363	0.053034
0.0088	0.000141931	0.0536673
0.0089	0.00014554	0.0542969
0.009	0.000149191	0.0549226
0.0091	0.000152884	0.0555444
0.0092	0.000156618	0.0561623
0.0093	0.000160393	0.0567762
0.0094	0.000164209	0.0573861
0.0095	0.000168065	0.057992
0.0096	0.000171961	0.0585937
0.0097	0.000175898	0.0591912
0.0098	0.000179874	0.0597846
0.0099	0.000183889	0.0603737
0.01	0.000187943	0.0609585
0.0101	0.000192036	0.061539
0.0102	0.000196168	0.0621151
0.0103	0.000200338	0.0626868
0.0104	0.000204545	0.063254
0.0105	0.00020879	0.0638167
0.0106	0.000213073	0.0643749
0.0107	0.000217392	0.0649285
0.0108	0.000221749	0.0654775
0.0109	0.000226141	0.0660218
0.011	0.00023057	0.0665615
0.0111	0.000235034	0.0670964
0.0112	0.000239534	0.0676265
0.0113	0.000244069	0.0681519
0.0114	0.000248638	0.0686724
0.0115	0.000253242	0.069188
0.0116	0.000257881	0.0696988
0.0117	0.000262553	0.0702046
0.0118	0.000267258	0.0707054
0.0119	0.000271997	0.0712012
0.012	0.000276768	0.071692
0.0121	0.000281572	0.0721777
0.0122	0.000286408	0.0726583
0.0123	0.000291276	0.0731337
0.0124	0.000296175	0.073604
0.0125	0.000301105	0.0740691
0.0126	0.000306067	0.074529
0.0127	0.000311058	0.0749836
0.0128	0.00031608	0.0754329
0.0129	0.000321131	0.0758769
0.013	0.000326211	0.0763155
0.0131	0.000331321	0.0767488
0.0132	0.000336459	0.0771766
0.0133	0.000341625	0.0775991
0.0134	0.000346819	0.078016
0.0135	0.000352041	0.0784275
0.0136	0.00035729	0.0788335
0.0137	0.000362566	0.0792339
0.0138	0.000367868	0.0796288
0.0139	0.000373196	0.0800181
0.014	0.00037855	0.0804017
0.0141	0.000383929	0.0807797
0.0142	0.000389333	0.0811521
0.0143	0.000394762	0.0815188
0.0144	0.000400215	0.0818797
0.0145	0.000405691	0.0822349
0.0146	0.000411191	0.0825844
0.0147	0.000416714	0.0829281
0.0148	0.00042226	0.083266
0.0149	0.000427827	0.083598
0.015	0.000433417	0.0839242
0.0151	0.000439028	0.0842446
0.0152	0.00044466	0.0845591
0.0153	0.000450313	0.0848676
0.0154	0.000455986	0.0851702
0.0155	0.000461679	0.0854669
0.0156	0.000467392	0.0857577
0.0157	0.000473123	0.0860424
0.0158	0.000478873	0.0863212
0.0159	0.000484642	0.0865939
0.016	0.000490428	0.0868606
0.0161	0.000496232	0.0871212
0.0162	0.000502053	0.0873758
0.0163	0.00050789	0.0876243
0.0164	0.000513744	0.0878667
0.0165	0.000519614	0.088103
0.0166	0.000525499	0.0883331
0.0167	0.000531399	0.0885571
0.0168	0.000537314	0.088775
0.0169	0.000543243	0.0889867
0.017	0.000549186	0.0891922
0.0171	0.000555142	0.0893915
0.0172	0.000561111	0.0895845
0.0173	0.000567093	0.0897714
0.0174	0.000573087	0.089952
0.0175	0.000579093	0.0901264
0.0176	0.000585109	0.0902945
0.0177	0.000591137	0.0904564
0.0178	0.000597176	0.090612
0.0179	0.000603224	0.0907613
0.018	0.000609282	0.0909043
0.0181	0.000615349	0.091041
0.0182	0.000621425	0.0911714
0.0183	0.000627509	0.0912954
0.0184	0.000633602	0.0914132
0.0185	0.000639702	0.0915246
0.0186	0.000645809	0.0916296
0.0187	0.000651922	0.0917283
0.0188	0.000658042	0.0918207
0.0189	0.000664168	0.0919067
0.019	0.000670299	0.0919863
0.0191	0.000676435	0.0920596
0.0192	0.000682576	0.0921264
0.0193	0.000688721	0.0921869
0.0194	0.000694869	0.0922411
0.0195	0.000701021	0.0922888
0.0196	0.000707176	0.0923301
0.0197	0.000713333	0.0923651
0.0198	0.000719492	0.0923937
0.0199	0.000725653	0.0924158
0.02	0.000731815	0.0924316
0.0201	0.000737978	0.092441
0.0202	0.00074414	0.0924439
0.0203	0.000750303	0.0924405
0.0204	0.000756466	0.0924307
0.0205	0.000762627	0.0924145
0.0206	0.000768787	0.0923919
0.0207	0.000774945	0.0923629
0.0208	0.000781101	0.0923275
0.0209	0.000787254	0.0922858
0.021	0.000793404	0.0922376
0.0211	0.00079955	0.0921831
0.0212	0.000805693	0.0921222
0.0213	0.000811831	0.0920549
0.0214	0.000817964	0.0919813
0.0215	0.000824092	0.0919012
0.0216	0.000830215	0.0918149
0.0217	0.000836331	0.0917222
0.0218	0.000842441	0.0916231
0.0219	0.000848544	0.0915177
0.022	0.00085464	0.091406
0.0221	0.000860728	0.0912879
0.0222	0.000866807	0.0911635
0.0223	0.000872878	0.0910328
0.0224	0.00087894	0.0908959
0.0225	0.000884993	0.0907526
0.0226	0.000891036	0.090603
0.0227	0.000897068	0.0904472
0.0228	0.00090309	0.0902851
0.0229	0.0009091	0.0901168
0.023	0.0009151	0.0899422
0.0231	0.000921087	0.0897614
0.0232	0.000927061	0.0895744
0.0233	0.000933023	0.0893812
0.0234	0.000938972	0.0891818
0.0235	0.000944907	0.0889762
0.0236	0.000950828	0.0887644
0.0237	0.000956735	0.0885465
0.0238	0.000962627	0.0883225
0.0239	0.000968504	0.0880923
0.024	0.000974365	0.0878561
0.0241	0.00098021	0.0876137
0.0242	0.000986038	0.0873653
0.0243	0.00099185	0.0871108
0.0244	0.000997644	0.0868503
0.0245	0.00100342	0.0865837
0.0246	0.00100918	0.0863112
0.0247	0.00101492	0.0860326
0.0248	0.00102064	0.0857481
0.0249	0.00102634	0.0854576
0.025	0.00103203	0.0851612
0.0251	0.00103769	0.0848589
0.0252	0.00104333	0.0845507
0.0253	0.00104895	0.0842366
0.0254	0.00105455	0.0839166
0.0255	0.00106013	0.0835909
0.0256	0.00106568	0.0832593
0.0257	0.00107122	0.0829219
0.0258	0.00107673	0.0825787
0.0259	0.00108222	0.0822298
0.026	0.00108768	0.0818752
0.0261	0.00109312	0.0815149
0.0262	0.00109854	0.0811489
0.0263	0.00110393	0.0807772
0.0264	0.00110929	0.0803999
0.0265	0.00111464	0.080017
0.0266	0.00111995	0.0796285
0.0267	0.00112524	0.0792345
0.0268	0.0011305	0.0788349
0.0269	0.00113574	0.0784299
0.027	0.00114095	0.0780193
0.0271	0.00114613	0.0776033
0.0272	0.00115128	0.0771819
0.0273	0.0011564	0.0767551
0.0274	0.0011615	0.0763229
0.0275	0.00116656	0.0758854
0.0276	0.0011716	0.0754425
0.0277	0.00117661	0.0749944
0.0278	0.00118158	0.074541
0.0279	0.00118653	0.0740824
0.028	0.00119145	0.0736186
0.0281	0.00119633	0.0731496
0.0282	0.00120118	0.0726755
0.0283	0.00120601	0.0721963
0.0284	0.00121079	0.071712
0.0285	0.00121555	0.0712226
0.0286	0.00122027	0.0707283
0.0287	0.00122496	0.0702289
0.0288	0.00122962	0.0697247
0.0289	0.00123424	0.0692155
0.029	0.00123883	0.0687014
0.0291	0.00124339	0.0681825
0.0292	0.00124791	0.0676587
0.0293	0.00125239	0.0671302
0.0294	0.00125684	0.0665969
0.0295	0.00126125	0.066059
0.0296	0.00126563	0.0655163
0.0297	0.00126997	0.064969
0.0298	0.00127427	0.0644171
0.0299	0.00127854	0.0638606
0.03	0.00128277	0.0632996
0.0301	0.00128696	0.0627341
0.0302	0.00129111	0.0621641
0.0303	0.00129523	0.0615897
0.0304	0.0012993	0.0610108
0.0305	0.00130334	0.0604277
0.0306	0.00130734	0.0598402
0.0307	0.0013113	0.0592485
0.0308	0.00131522	0.0586525
0.0309	0.0013191	0.0580523
0.031	0.00132294	0.0574479
0.0311	0.00132674	0.0568395
0.0312	0.0013305	0.0562269
0.0313	0.00133422	0.0556103
0.0314	0.00133789	0.0549897
0.0315	0.00134153	0.0543651
0.0316	0.00134512	0.0537367
0.0317	0.00134867	0.0531043
0.0318	0.00135218	0.0524681
0.0319	0.00135565	0.051828
0.032	0.00135907	0.0511843
0.0321	0.00136245	0.0505368
0.0322	0.00136578	0.0498856
0.0323	0.00136908	0.0492308
0.0324	0.00137233	0.0485724
0.0325	0.00137553	0.0479104
0.0326	0.00137869	0.0472449
0.0327	0.00138181	0.046576
0.0328	0.00138488	0.0459037
0.0329	0.00138791	0.0452279
0.033	0.00139089	0.0445489
0.0331	0.00139382	0.0438665
0.0332	0.00139671	0.0431809
0.0333	0.00139956	0.0424921
0.0334	0.00140236	0.0418001
0.0335	0.00140511	0.041105
0.0336	0.00140781	0.0404069
0.0337	0.00141047	0.0397057
0.0338	0.00141308	0.0390016
0.0339	0.00141565	0.0382945
0.034	0.00141816	0.0375845
0.0341	0.00142063	0.0368717
0.0342	0.00142306	0.0361561
0.0343	0.00142543	0.0354377
0.0344	0.00142776	0.0347166
0.0345	0.00143004	0.0339929
0.0346	0.00143227	0.0332666
0.0347	0.00143445	0.0325377
0.0348	0.00143658	0.0318062
0.0349	0.00143866	0.0310723
0.035	0.0014407	0.030336
0.0351	0.00144268	0.0295973
0.0352	0.00144462	0.0288563
0.0353	0.0014465	0.028113
0.0354	0.00144834	0.0273675
0.0355	0.00145013	0.0266198
0.0356	0.00145187	0.0258699
0.0357	0.00145355	0.025118
0.0358	0.00145519	0.024364
0.0359	0.00145678	0.023608
0.036	0.00145831	0.0228501
0.0361	0.0014598	0.0220903
0.0362	0.00146123	0.0213286
0.0363	0.00146261	0.0205652
0.0364	0.00146395	0.0198
0.0365	0.00146523	0.0190331
0.0366	0.00146646	0.0182645
0.0367	0.00146764	0.0174944
0.0368	0.00146877	0.0167227
0.0369	0.00146984	0.0159495
0.037	0.00147087	0.0151749
0.0371	0.00147184	0.0143988
0.0372	0.00147276	0.0136214
0.0373	0.00147363	0.0128427
0.0374	0.00147445	0.0120628
0.0375	0.00147521	0.0112817
0.0376	0.00147592	0.0104994
0.0377	0.00147658	0.00971599
0.0378	0.00147719	0.00893156
0.0379	0.00147775	0.00814612
0.038	0.00147825	0.00735974
0.0381	0.0014787	0.00657247
0.0382	0.0014791	0.00578434
0.0383	0.00147945	0.00499543
0.0384	0.00147974	0.00420576
0.0385	0.00147998	0.00341541
0.0386	0.00148017	0.00262441
0.0387	0.00148031	0.00183282
0.0388	0.00148039	0.00104068
0.0389	0.00148042	0.000248063
0.039	0.00148039	-0.000544998
0.0391	0.00148032	-0.00133845
0.0392	0.00148019	-0.00213223
0.0393	0.00148001	-0.0029263
0.0394	0.00147977	-0.00372061
0.0395	0.00147948	-0.0045151
0.0396	0.00147914	-0.00530972
0.0397	0.00147875	-0.00610443
0.0398	0.0014783	-0.00689916
0.0399	0.0014778	-0.00769387
0.04	0.00147725	-0.00848851
0.0401	0.00147664	-0.00928303
0.0402	0.00147598	-0.0100774
0.0403	0.00147527	-0.0108715
0.0404	0.00147451	-0.0116653
0.0405	0.00147369	-0.0124588
0.0406	0.00147282	-0.013252
0.0407	0.0014719	-0.0140447
0.0408	0.00147092	-0.0148369
0.0409	0.00146989	-0.0156286
0.041	0.00146881	-0.0164197
0.0411	0.00146768	-0.0172102
0.0412	0.00146649	-0.018
0.0413	0.00146525	-0.018789
0.0414	0.00146396	-0.0195773
0.0415	0.00146261	-0.0203647
0.0416	0.00146122	-0.0211513
0.0417	0.00145977	-0.0219369
0.0418	0.00145826	-0.0227215
0.0419	0.00145671	-0.0235051
0.042	0.0014551	-0.0242876
0.0421	0.00145345	-0.0250689
0.0422	0.00145173	-0.0258491
0.0423	0.00144997	-0.026628
0.0424	0.00144816	-0.0274056
0.0425	0.00144629	-0.0281819
0.0426	0.00144437	-0.0289568
0.0427	0.00144241	-0.0297303
0.0428	0.00144038	-0.0305022
0.0429	0.00143831	-0.0312726
0.043	0.00143619	-0.0320415
0.0431	0.00143401	-0.0328087
0.0432	0.00143179	-0.0335742
0.0433	0.00142951	-0.0343379
0.0434	0.00142718	-0.0350999
0.0435	0.00142481	-0.0358601
0.0436	0.00142238	-0.0366183
0.0437	0.0014199	-0.0373747
0.0438	0.00141737	-0.038129
0.0439	0.00141479	-0.0388813
0.044	0.00141216	-0.0396316
0.0441	0.00140948	-0.0403797
0.0442	0.00140675	-0.0411256
0.0443	0.00140397	-0.0418693
0.0444	0.00140114	-0.0426108
0.0445	0.00139826	-0.0433499
0.0446	0.00139534	-0.0440866
0.0447	0.00139236	-0.044821
0.0448	0.00138934	-0.0455528
0.0449	0.00138626	-0.0462822
0.045	0.00138314	-0.047009
0.0451	0.00137997	-0.0477332
0.0452	0.00137675	-0.0484548
0.0453	0.00137349	-0.0491736
0.0454	0.00137017	-0.0498898
0.0455	0.00136681	-0.0506031
0.0456	0.0013634	-0.0513136
0.0457	0.00135994	-0.0520212
0.0458	0.00135644	-0.0527259
0.0459	0.00135289	-0.0534276
0.046	0.00134929	-0.0541263
0.0461	0.00134565	-0.054822
0.0462	0.00134196	-0.0555145
0.0463	0.00133822	-0.0562039
0.0464	0.00133444	-0.0568901
0.0465	0.00133062	-0.0575731
0.0466	0.00132674	-0.0582528
0.0467	0.00132283	-0.0589291
0.0468	0.00131886	-0.0596021
0.0469	0.00131486	-0.0602717
0.047	0.00131081	-0.0609378
0.0471	0.00130671	-0.0616004
0.0472	0.00130257	-0.0622595
0.0473	0.00129839	-0.0629149
0.0474	0.00129416	-0.0635668
0.0475	0.00128989	-0.064215
0.0476	0.00128558	-0.0648595
0.0477	0.00128122	-0.0655002
0.0478	0.00127682	-0.0661371
0.0479	0.00127238	-0.0667702
0.048	0.0012679	-0.0673994
0.0481	0.00126337	-0.0680248
0.0482	0.00125881	-0.0686461
0.0483	0.0012542	-0.0692635
0.0484	0.00124955	-0.0698768
0.0485	0.00124486	-0.070486
0.0486	0.00124013	-0.0710912
0.0487	0.00123536	-0.0716921
0.0488	0.00123055	-0.0722889
0.0489	0.0012257	-0.0728815
0.049	0.00122081	-0.0734698
0.0491	0.00121589	-0.0740537
0.0492	0.00121092	-0.0746334
0.0493	0.00120592	-0.0752086
0.0494	0.00120087	-0.0757795
0.0495	0.00119579	-0.0763458
0.0496	0.00119068	-0.0769077
0.0497	0.00118552	-0.0774651
0.0498	0.00118033	-0.0780179
0.0499	0.0011751	-0.0785661
0.05	0.00116983	-0.0791096
0.0501	0.00116453	-0.0796485
0.0502	0.0011592	-0.0801827
0.0503	0.00115382	-0.0807122
0.0504	0.00114842	-0.0812368
0.0505	0.00114298	-0.0817567
0.0506	0.0011375	-0.0822717
0.0507	0.00113199	-0.0827819
0.0508	0.00112644	-0.0832871
0.0509	0.00112087	-0.0837874
0.051	0.00111526	-0.0842827
0.0511	0.00110961	-0.084773
0.0512	0.00110394	-0.0852583
0.0513	0.00109823	-0.0857386
0.0514	0.00109249	-0.0862137
0.0515	0.00108672	-0.0866837
0.0516	0.00108092	-0.0871485
0.0517	0.00107508	-0.0876081
0.0518	0.00106922	-0.0880626
0.0519	0.00106333	-0.0885118
0.052	0.0010574	-0.0889557
0.0521	0.00105145	-0.0893943
0.0522	0.00104547	-0.0898275
0.0523	0.00103946	-0.0902554
0.0524	0.00103342	-0.0906779
0.0525	0.00102735	-0.091095
0.0526	0.00102126	-0.0915067
0.0527	0.00101514	-0.0919128
0.0528	0.00100899	-0.0923135
0.0529	0.00100282	-0.0927087
0.053	0.000996617	-0.0930983
0.0531	0.000990392	-0.0934823
0.0532	0.00098414	-0.0938608
0.0533	0.000977864	-0.0942336
0.0534	0.000971563	-0.0946008
0.0535	0.000965239	-0.0949623
0.0536	0.00095889	-0.0953181
0.0537	0.000952518	-0.0956682
0.0538	0.000946122	-0.0960125
0.0539	0.000939705	-0.0963511
0.054	0.000933264	-0.0966839
0.0541	0.000926802	-0.0970109
0.0542	0.000920319	-0.0973321
0.0543	0.000913814	-0.0976474
0.0544	0.000907289	-0.0979568
0.0545	0.000900743	-0.0982604
0.0546	0.000894177	-0.0985581
0.0547	0.000887592	-0.0988498
0.0548	0.000880988	-0.0991356
0.0549	0.000874364	-0.0994154
0.055	0.000867723	-0.0996892
0.0551	0.000861063	-0.0999571
0.0552	0.000854386	-0.100219
0.0553	0.000847692	-0.100475
0.0554	0.000840981	-0.100724
0.0555	0.000834254	-0.100968
0.0556	0.000827511	-0.101206
0.0557	0.000820752	-0.101437
0.0558	0.000813978	-0.101663
0.0559	0.00080719	-0.101882
0.056	0.000800387	-0.102095
0.0561	0.00079357	-0.102302
0.0562	0.00078674	-0.102503
0.0563	0.000779897	-0.102697
0.0564	0.000773041	-0.102886
0.0565	0.000766172	-0.103068
0.0566	0.000759292	-0.103244
0.0567	0.000752401	-0.103413
0.0568	0.000745498	-0.103577
0.0569	0.000738585	-0.103734
0.057	0.000731662	-0.103885
0.0571	0.000724729	-0.10403
0.0572	0.000717787	-0.104168
0.0573	0.000710835	-0.1043
0.0574	0.000703876	-0.104426
0.0575	0.000696908	-0.104546
0.0576	0.000689933	-0.104659
0.0577	0.00068295	-0.104766
0.0578	0.00067596	-0.104866
0.0579	0.000668965	-0.10496
0.058	0.000661963	-0.105048
0.0581	0.000654955	-0.10513
0.0582	0.000647943	-0.105205
0.0583	0.000640926	-0.105274
0.0584	0.000633904	-0.105336
0.0585	0.000626879	-0.105392
0.0586	0.00061985	-0.105442
0.0587	0.000612819	-0.105485
0.0588	0.000605784	-0.105522
0.0589	0.000598748	-0.105553
0.059	0.00059171	-0.105577
0.0591	0.00058467	-0.105594
0.0592	0.00057763	-0.105606
0.0593	0.00057059	-0.105611
0.0594	0.000563549	-0.105609
0.0595	0.000556509	-0.105602
0.0596	0.000549469	-0.105587
0.0597	0.000542431	-0.105567
0.0598	0.000535394	-0.10554
0.0599	0.00052836	-0.105506
0.06	0.000521328	-0.105467
0.0601	0.000514299	-0.105421
0.0602	0.000507274	-0.105368
0.0603	0.000500252	-0.105309
0.0604	0.000493235	-0.105244
0.0605	0.000486222	-0.105172
0.0606	0.000479215	-0.105094
0.0607	0.000472212	-0.10501
0.0608	0.000465216	-0.104919
0.0609	0.000458226	-0.104822
0.061	0.000451243	-0.104719
0.0611	0.000444268	-0.104609
0.0612	0.0004373	-0.104493
0.0613	0.000430339	-0.104371
0.0614	0.000423388	-0.104242
0.0615	0.000416445	-0.104107
0.0616	0.000409512	-0.103965
0.0617	0.000402588	-0.103818
0.0618	0.000395674	-0.103664
0.0619	0.000388772	-0.103504
0.062	0.00038188	-0.103337
0.0621	0.000374999	-0.103165
0.0622	0.00036813	-0.102986
0.0623	0.000361274	-0.102801
0.0624	0.00035443	-0.102609
0.0625	0.000347599	-0.102412
0.0626	0.000340782	-0.102208
0.0627	0.000333979	-0.101998
0.0628	0.00032719	-0.101782
0.0629	0.000320415	-0.10156
0.063	0.000313656	-0.101331
0.0631	0.000306912	-0.101097
0.0632	0.000300184	-0.100856
0.0633	0.000293473	-0.100609
0.0634	0.000286778	-0.100357
0.0635	0.000280101	-0.100098
0.0636	0.000273441	-0.0998327
0.0637	0.000266799	-0.0995618
0.0638	0.000260175	-0.0992848
0.0639	0.000253571	-0.0990018
0.064	0.000246985	-0.0987129
0.0641	0.000240419	-0.098418
0.0642	0.000233873	-0.0981171
0.0643	0.000227347	-0.0978104
0.0644	0.000220842	-0.0974977
0.0645	0.000214358	-0.0971791
0.0646	0.000207896	-0.0968547
0.0647	0.000201455	-0.0965244
0.0648	0.000195037	-0.0961883
0.0649	0.000188642	-0.0958465
0.065	0.000182269	-0.0954988
0.0651	0.00017592	-0.0951454
0.0652	0.000169595	-0.0947862
0.0653	0.000163294	-0.0944213
0.0654	0.000157018	-0.0940508
0.0655	0.000150767	-0.0936746
0.0656	0.000144541	-0.0932927
0.0657	0.000138341	-0.0929052
0.0658	0.000132167	-0.0925121
0.0659	0.00012602	-0.0921135
0.066	0.000119899	-0.0917093
0.0661	0.000113806	-0.0912996
0.0662	0.00010774	-0.0908844
0.0663	0.000101702	-0.0904638
0.0664	9.56922e-05	-0.0900377
0.0665	8.97113e-05	-0.0896062
0.0666	8.37594e-05	-0.0891693
0.0667	7.7837e-05	-0.088727
0.0668	7.19443e-05	-0.0882795
0.0669	6.60817e-05	-0.0878266
0.067	6.02495e-05	-0.0873685
0.0671	5.44482e-05	-0.0869051
0.0672	4.8678e-05	-0.0864365
0.0673	4.29393e-05	-0.0859627
0.0674	3.72325e-05	-0.0854838
0.0675	3.15578e-05	-0.0849997
0.0676	2.59157e-05	-0.0845106
0.0677	2.03064e-05	-0.0840164
0.0678	1.47303e-05	-0.0835171
0.0679	9.18779e-06	-0.0830129
0.068	3.67911e-06	-0.0825037
0.0681	-1.79536e-06	-0.0819896
0.0682	-7.23532e-06	-0.0814706
0.0683	-1.26404e-05	-0.0809467
0.0684	-1.80104e-05	-0.080418
0.0685	-2.33448e-05	-0.0798844
0.0686	-2.86435e-05	-0.0793461
0.0687	-3.3906e-05	-0.0788031
0.0688	-3.91321e-05	-0.0782554
0.0689	-4.43214e-05	-0.077703
0.069	-4.94737e-05	-0.077146
0.0691	-5.45886e-05	-0.0765844
0.0692	-5.96658e-05	-0.0760183
0.0693	-6.47051e-05	-0.0754476
0.0694	-6.97061e-05	-0.0748724
0.0695	-7.46685e-05	-0.0742928
0.0696	-7.95921e-05	-0.0737088
0.0697	-8.44765e-05	-0.0731204
0.0698	-8.93215e-05	-0.0725277
0.0699	-9.41267e-05	-0.0719306
0.07	-9.88919e-05	-0.0713294
0.0701	-0.000103617	-0.0707238
0.0702	-0.000108301	-0.0701142
0.0703	-0.000112945	-0.0695003
0.0704	-0.000117547	-0.0688824
0.0705	-0.000122108	-0.0682604
0.0706	-0.000126627	-0.0676343
0.0707	-0.000131105	-0.0670043
0.0708	-0.00013554	-0.0663704
0.0709	-0.000139933	-0.0657325
0.071	-0.000144283	-0.0650907
0.0711	-0.00014859	-0.0644452
0.0712	-0.000152853	-0.0637958
0.0713	-0.000157074	-0.0631427
0.0714	-0.00016125	-0.0624859
0.0715	-0.000165383	-0.0618255
0.0716	-0.000169471	-0.0611614
0.0717	-0.000173515	-0.0604938
0.0718	-0.000177514	-0.0598226
0.0719	-0.000181469	-0.0591479
0.072	-0.000185378	-0.0584698
0.0721	-0.000189242	-0.0577883
0.0722	-0.00019306	-0.0571034
0.0723	-0.000196832	-0.0564152
0.0724	-0.000200559	-0.0557238
0.0725	-0.000204239	-0.0550291
0.0726	-0.000207872	-0.0543312
0.0727	-0.000211459	-0.0536302
0.0728	-0.000214999	-0.0529261
0.0729	-0.000218492	-0.0522189
0.073	-0.000221938	-0.0515087
0.0731	-0.000225336	-0.0507956
0.0732	-0.000228686	-0.0500796
0.0733	-0.000231989	-0.0493607
0.0734	-0.000235243	-0.0486389
0.0735	-0.00023845	-0.0479144
0.0736	-0.000241607	-0.0471872
0.0737	-0.000244717	-0.0464572
0.0738	-0.000247777	-0.0457247
0.0739	-0.000250788	-0.0449895
0.074	-0.000253751	-0.0442518
0.0741	-0.000256664	-0.0435116
0.0742	-0.000259527	-0.0427689
0.0743	-0.000262341	-0.0420239
0.0744	-0.000265105	-0.0412765
0.0745	-0.000267819	-0.0405267
0.0746	-0.000270483	-0.0397748
0.0747	-0.000273097	-0.0390206
0.0748	-0.000275661	-0.0382642
0.0749	-0.000278173	-0.0375057
0.075	-0.000280636	-0.0367452
0.0751	-0.000283047	-0.0359826
0.0752	-0.000285408	-0.0352181
0.0753	-0.000287717	-0.0344516
0.0754	-0.000289975	-0.0336833
0.0755	-0.000292182	-0.0329131
0.0756	-0.000294338	-0.0321412
0.0757	-0.000296441	-0.0313675
0.0758	-0.000298494	-0.0305922
0.0759	-0.000300494	-0.0298152
0.076	-0.000302443	-0.0290367
0.0761	-0.000304339	-0.0282566
0.0762	-0.000306184	-0.027475
0.0763	-0.000307976	-0.0266921
0.0764	-0.000309716	-0.0259077
0.0765	-0.000311404	-0.025122
0.0766	-0.000313039	-0.024335
0.0767	-0.000314622	-0.0235468
0.0768	-0.000316152	-0.0227575
0.0769	-0.00031763	-0.021967
0.077	-0.000319055	-0.0211754
0.0771	-0.000320427	-0.0203828
0.0772	-0.000321746	-0.0195892
0.0773	-0.000323012	-0.0187947
0.0774	-0.000324225	-0.0179993
0.0775	-0.000325385	-0.017203
0.0776	-0.000326491	-0.016406
0.0777	-0.000327545	-0.0156083
0.0778	-0.000328546	-0.0148099
0.0779	-0.000329493	-0.0140109
0.078	-0.000330387	-0.0132113
0.0781	-0.000331227	-0.0124112
0.0782	-0.000332015	-0.0116107
0.0783	-0.000332748	-0.0108097
0.0784	-0.000333429	-0.0100083
0.0785	-0.000334056	-0.00920664
0.0786	-0.000334629	-0.0084047
0.0787	-0.000335149	-0.00760254
0.0788	-0.000335616	-0.00680022
0.0789	-0.000336029	-0.00599779
0.079	-0.000336389	-0.0051953
0.0791	-0.000336695	-0.0043928
0.0792	-0.000336947	-0.00359035
0.0793	-0.000337146	-0.00278798
0.0794	-0.000337292	-0.00198576
0.0795	-0.000337384	-0.00118373
0.0796	-0.000337423	-0.000381952
0.0797	-0.000337408	0.000419531
0.0798	-0.00033734	0.00122067
0.0799	-0.000337218	0.0020214
0.08	-0.000337043	0.00282169
0.0801	-0.000336815	0.00362147
0.0802	-0.000336533	0.0044207
0.0803	-0.000336198	0.00521933
0.0804	-0.00033581	0.0060173
0.0805	-0.000335369	0.00681457
0.0806	-0.000334875	0.00761109
0.0807	-0.000334328	0.00840679
0.0808	-0.000333727	0.00920164
0.0809	-0.000333074	0.00999558
0.081	-0.000332368	0.0107886
0.0811	-0.000331609	0.0115805
0.0812	-0.000330797	0.0123715
0.0813	-0.000329932	0.0131613
0.0814	-0.000329015	0.0139499
0.0815	-0.000328046	0.0147373
0.0816	-0.000327024	0.0155235
0.0817	-0.00032595	0.0163084
0.0818	-0.000324823	0.0170919
0.0819	-0.000323644	0.017874
0.082	-0.000322414	0.0186546
0.0821	-0.000321131	0.0194337
0.0822	-0.000319796	0.0202113
0.0823	-0.00031841	0.0209872
0.0824	-0.000316972	0.0217615
0.0825	-0.000315482	0.0225341
0.0826	-0.000313941	0.0233049
0.0827	-0.000312349	0.0240739
0.0828	-0.000310705	0.0248411
0.0829	-0.000309011	0.0256063
0.083	-0.000307265	0.0263696
0.0831	-0.000305469	0.0271309
0.0832	-0.000303622	0.0278902
0.0833	-0.000301725	0.0286473
0.0834	-0.000299777	0.0294023
0.0835	-0.000297779	0.0301552
0.0836	-0.000295731	0.0309057
0.0837	-0.000293633	0.031654
0.0838	-0.000291485	0.0323999
0.0839	-0.000289288	0.0331435
0.084	-0.000287041	0.0338846
0.0841	-0.000284745	0.0346232
0.0842	-0.0002824	0.0353593
0.0843	-0.000280006	0.0360929
0.0844	-0.000277563	0.0368238
0.0845	-0.000275072	0.037552
0.0846	-0.000272532	0.0382776
0.0847	-0.000269943	0.0390003
0.0848	-0.000267307	0.0397203
0.0849	-0.000264623	0.0404374
0.085	-0.000261891	0.0411516
0.0851	-0.000259112	0.0418629
0.0852	-0.000256286	0.0425711
0.0853	-0.000253412	0.0432764
0.0854	-0.000250492	0.0439785
0.0855	-0.000247525	0.0446776
0.0856	-0.000244511	0.0453735
0.0857	-0.000241452	0.0460661
0.0858	-0.000238346	0.0467555
0.0859	-0.000235195	0.0474416
0.086	-0.000231997	0.0481244
0.0861	-0.000228755	0.0488037
0.0862	-0.000225467	0.0494797
0.0863	-0.000222135	0.0501521
0.0864	-0.000218758	0.0508211
0.0865	-0.000215336	0.0514865
0.0866	-0.000211871	0.0521482
0.0867	-0.000208361	0.0528064
0.0868	-0.000204808	0.0534608
0.0869	-0.000201211	0.0541116
0.087	-0.000197571	0.0547585
0.0871	-0.000193888	0.0554017
0.0872	-0.000190163	0.0560409
0.0873	-0.000186395	0.0566763
0.0874	-0.000182584	0.0573078
0.0875	-0.000178732	0.0579353
0.0876	-0.000174839	0.0585588
0.0877	-0.000170904	0.0591782
0.0878	-0.000166928	0.0597936
0.0879	-0.000162911	0.0604048
0.088	-0.000158853	0.0610118
0.0881	-0.000154755	0.0616146
0.0882	-0.000150618	0.0622132
0.0883	-0.00014644	0.0628075
0.0884	-0.000142223	0.0633975
0.0885	-0.000137967	0.0639831
0.0886	-0.000133673	0.0645643
0.0887	-0.000129339	0.0651411
0.0888	-0.000124968	0.0657134
0.0889	-0.000120558	0.0662812
0.089	-0.000116111	0.0668444
0.0891	-0.000111627	0.0674031
0.0892	-0.000107106	0.0679572
0.0893	-0.000102547	0.0685066
0.0894	-9.79529e-05	0.0690513
0.0895	-9.33224e-05	0.0695913
0.0896	-8.8656e-05	0.0701265
0.0897	-8.39543e-05	0.070657
0.0898	-7.92174e-05	0.0711826
0.0899	-7.44457e-05	0.0717034
0.09	-6.96395e-05	0.0722193
0.0901	-6.47992e-05	0.0727303
0.0902	-5.9925e-05	0.0732363
0.0903	-5.50174e-05	0.0737373
0.0904	-5.00767e-05	0.0742333
0.0905	-4.51031e-05	0.0747243
0.0906	-4.0097e-05	0.0752102
0.0907	-3.50588e-05	0.0756909
0.0908	-2.99888e-05	0.0761666
0.0909	-2.48874e-05	0.076637
0.091	-1.97549e-05	0.0771023
0.0911	-1.45916e-05	0.0775623
0.0912	-9.39786e-06	0.078017
0.0913	-4.17412e-06	0.0784665
0.0914	1.07933e-06	0.0789106
0.0915	6.36212e-06	0.0793494
0.0916	1.16739e-05	0.0797829
0.0917	1.70143e-05	0.0802109
0.0918	2.23829e-05	0.0806335
0.0919	2.77795e-05	0.0810506
0.092	3.32036e-05	0.0814622
0.0921	3.86548e-05	0.0818684
0.0922	4.41329e-05	0.082269
0.0923	4.96374e-05	0.082664
0.0924	5.51679e-05	0.0830535
0.0925	6.07241e-05	0.0834373
0.0926	6.63057e-05	0.0838155
0.0927	7.19121e-05	0.0841881
0.0928	7.75431e-05	0.084555
0.0929	8.31983e-05	0.0849161
0.093	8.88773e-05	0.0852716
0.0931	9.45796e-05	0.0856213
0.0932	0.000100305	0.0859652
0.0933	0.000106053	0.0863033
0.0934	0.000111823	0.0866356
0.0935	0.000117616	0.086962
0.0936	0.000123429	0.0872826
0.0937	0.000129264	0.0875974
0.0938	0.000135119	0.0879062
0.0939	0.000140995	0.0882091
0.094	0.00014689	0.0885061
0.0941	0.000152806	0.0887971
0.0942	0.00015874	0.0890821
0.0943	0.000164693	0.0893612
0.0944	0.000170664	0.0896342
0.0945	0.000176653	0.0899012
0.0946	0.000182659	0.0901622
0.0947	0.000188683	0.0904171
0.0948	0.000194723	0.0906659
0.0949	0.00020078	0.0909086
0.095	0.000206853	0.0911453
0.0951	0.000212941	0.0913758
0.0952	0.000219044	0.0916001
0.0953	0.000225161	0.0918183
0.0954	0.000231293	0.0920304
0.0955	0.000237439	0.0922362
0.0956	0.000243598	0.0924359
0.0957	0.00024977	0.0926294
0.0958	0.000255955	0.0928166
0.0959	0.000262152	0.0929977
0.096	0.000268361	0.0931724
0.0961	0.000274581	0.093341
0.0962	0.000280811	0.0935032
0.0963	0.000287053	0.0936592
0.0964	0.000293304	0.093809
0.0965	0.000299566	0.0939524
0.0966	0.000305836	0.0940895
0.0967	0.000312115	0.0942203
0.0968	0.000318403	0.0943448
0.0969	0.000324699	0.094463
0.097	0.000331002	0.0945748
0.0971	0.000337312	0.0946804
0.0972	0.000343629	0.0947795
0.0973	0.000349953	0.0948723
0.0974	0.000356282	0.0949588
0.0975	0.000362616	0.0950389
0.0976	0.000368956	0.0951126
0.0977	0.0003753	0.0951799
0.0978	0.000381649	0.0952409
0.0979	0.000388001	0.0952955
0.098	0.000394357	0.0953437
0.0981	0.000400715	0.0953855
0.0982	0.000407076	0.095421
0.0983	0.000413439	0.09545
0.0984	0.000419803	0.0954727
0.0985	0.000426169	0.0954889
0.0986	0.000432535	0.0954988
0.0987	0.000438902	0.0955022
0.0988	0.000445269	0.0954993
0.0989	0.000451635	0.09549
0.099	0.000458	0.0954743
0.0991	0.000464364	0.0954522
0.0992	0.000470726	0.0954237
0.0993	0.000477086	0.0953888
0.0994	0.000483444	0.0953475
0.0995	0.000489798	0.0952999
0.0996	0.000496148	0.0952458
0.0997	0.000502495	0.0951854
0.0998	0.000508838	0.0951186
0.0999	0.000515175	0.0950455
0.1	0.000521508	0.0949659
0.1001	0.000527834	0.0948801
0.1002	0.000534155	0.0947878
0.1003	0.000540469	0.0946893
0.1004	0.000546777	0.0945843
0.1005	0.000553077	0.0944731
0.1006	0.000559369	0.0943555
0.1007	0.000565654	0.0942316
0.1008	0.000571929	0.0941014
0.1009	0.000578196	0.0939649
0.101	0.000584453	0.0938221
0.1011	0.0005907	0.093673
0.1012	0.000596937	0.0935177
0.1013	0.000603164	0.0933561
0.1014	0.000609379	0.0931882
0.1015	0.000615583	0.0930141
0.1016	0.000621775	0.0928337
0.1017	0.000627955	0.0926472
0.1018	0.000634122	0.0924544
0.1019	0.000640275	0.0922554
0.102	0.000646415	0.0920503
0.1021	0.000652541	0.091839
0.1022	0.000658653	0.0916215
0.1023	0.00066475	0.0913979
0.1024	0.000670832	0.0911682
0.1025	0.000676898	0.0909324
0.1026	0.000682948	0.0906904
0.1027	0.000688982	0.0904424
0.1028	0.000694998	0.0901883
0.1029	0.000700998	0.0899282
0.103	0.00070698	0.089662
0.1031	0.000712944	0.0893899
0.1032	0.000718889	0.0891117
0.1033	0.000724816	0.0888276
0.1034	0.000730723	0.0885375
0.1035	0.000736611	0.0882414
0.1036	0.000742478	0.0879395
0.1037	0.000748326	0.0876316
0.1038	0.000754152	0.0873178
0.1039	0.000759957	0.0869982
0.104	0.000765741	0.0866728
0.1041	0.000771502	0.0863415
0.1042	0.000777242	0.0860044
0.1043	0.000782958	0.0856616
0.1044	0.000788651	0.085313
0.1045	0.000794321	0.0849587
0.1046	0.000799967	0.0845986
0.1047	0.000805589	0.0842329
0.1048	0.000811186	0.0838615
0.1049	0.000816757	0.0834845
0.105	0.000822304	0.0831018
0.1051	0.000827825	0.0827136
0.1052	0.000833319	0.0823198
0.1053	0.000838787	0.0819205
0.1054	0.000844228	0.0815156
0.1055	0.000849642	0.0811053
0.1056	0.000855028	0.0806895
0.1057	0.000860386	0.0802683
0.1058	0.000865716	0.0798416
0.1059	0.000871017	0.0794096
0.106	0.000876289	0.0789722
0.1061	0.000881532	0.0785295
0.1062	0.000886745	0.0780815
0.1063	0.000891928	0.0776283
0.1064	0.00089708	0.0771698
0.1065	0.000902201	0.0767061
0.1066	0.000907292	0.0762372
0.1067	0.00091235	0.0757632
0.1068	0.000917377	0.0752841
0.1069	0.000922372	0.0747998
0.107	0.000927334	0.0743105
0.1071	0.000932263	0.0738162
0.1072	0.000937159	0.0733169
0.1073	0.000942022	0.0728127
0.1074	0.00094685	0.0723035
0.1075	0.000951645	0.0717894
0.1076	0.000956405	0.0712705
0.1077	0.00096113	0.0707467
0.1078	0.00096582	0.0702182
0.1079	0.000970474	0.0696848
0.108	0.000975093	0.0691468
0.1081	0.000979676	0.0686041
0.1082	0.000984222	0.0680567
0.1083	0.000988731	0.0675047
0.1084	0.000993204	0.0669481
0.1085	0.000997639	0.0663869
0.1086	0.00100204	0.0658212
0.1087	0.0010064	0.0652511
0.1088	0.00101072	0.0646765
0.1089	0.001015	0.0640975
0.109	0.00101924	0.0635142
0.1091	0.00102345	0.0629265
0.1092	0.00102761	0.0623345
0.1093	0.00103174	0.0617383
0.1094	0.00103583	0.0611379
0.1095	0.00103987	0.0605333
0.1096	0.00104388	0.0599245
0.1097	0.00104784	0.0593117
0.1098	0.00105176	0.0586948
0.1099	0.00105565	0.0580738
0.11	0.00105949	0.0574489
0.1101	0.00106328	0.0568201
0.1102	0.00106704	0.0561874
0.1103	0.00107075	0.0555508
0.1104	0.00107443	0.0549103
0.1105	0.00107805	0.0542661
0.1106	0.00108164	0.0536182
0.1107	0.00108518	0.0529666
0.1108	0.00108868	0.0523113
0.1109	0.00109213	0.0516525
0.111	0.00109554	0.05099
0.1111	0.00109891	0.050324
0.1112	0.00110223	0.0496546
0.1113	0.00110551	0.0489817
0.1114	0.00110874	0.0483054
0.1115	0.00111193	0.0476258
0.1116	0.00111507	0.0469428
0.1117	0.00111816	0.0462566
0.1118	0.00112121	0.0455672
0.1119	0.00112421	0.0448746
0.112	0.00112717	0.0441789
0.1121	0.00113008	0.0434801
0.1122	0.00113294	0.0427782
0.1123	0.00113576	0.0420734
0.1124	0.00113853	0.0413656
0.1125	0.00114125	0.0406548
0.1126	0.00114393	0.0399413
0.1127	0.00114655	0.0392249
0.1128	0.00114913	0.0385057
0.1129	0.00115166	0.0377839
0.113	0.00115415	0.0370593
0.1131	0.00115658	0.0363322
0.1132	0.00115896	0.0356024
0.1133	0.0011613	0.0348701
0.1134	0.00116359	0.0341353
0.1135	0.00116583	0.0333981
0.1136	0.00116802	0.0326585
0.1137	0.00117016	0.0319165
0.1138	0.00117225	0.0311723
0.1139	0.00117429	0.0304258
0.114	0.00117628	0.029677
0.1141	0.00117822	0.0289262
0.1142	0.00118011	0.0281732
0.1143	0.00118195	0.0274182
0.1144	0.00118374	0.0266611
0.1145	0.00118548	0.0259021
0.1146	0.00118717	0.0251412
0.1147	0.00118881	0.0243784
0.1148	0.00119039	0.0236138
0.1149	0.00119193	0.0228475
0.115	0.00119341	0.0220794
0.1151	0.00119485	0.0213097
0.1152	0.00119623	0.0205383
0.1153	0.00119756	0.0197654
0.1154	0.00119884	0.018991
0.1155	0.00120007	0.018215
0.1156	0.00120124	0.0174377
0.1157	0.00120236	0.016659
0.1158	0.00120344	0.015879
0.1159	0.00120446	0.0150977
0.116	0.00120542	0.0143152
0.1161	0.00120634	0.0135316
0.1162	0.0012072	0.0127468
0.1163	0.00120801	0.0119609
0.1164	0.00120877	0.011174
0.1165	0.00120947	0.0103862
0.1166	0.00121013	0.00959746
0.1167	0.00121073	0.00880784
0.1168	0.00121127	0.00801741
0.1169	0.00121177	0.00722621
0.117	0.00121221	0.00643431
0.1171	0.0012126	0.00564174
0.1172	0.00121294	0.00484856
0.1173	0.00121322	0.00405482
0.1174	0.00121345	0.00326057
0.1175	0.00121363	0.00246586
0.1176	0.00121375	0.00167074
0.1177	0.00121382	0.000875274
0.1178	0.00121384	7.9498e-05
0.1179	0.00121381	-0.000716531
0.118	0.00121372	-0.00151276
0.1181	0.00121358	-0.00230915
0.1182	0.00121339	-0.00310563
0.1183	0.00121314	-0.00390216
0.1184	0.00121284	-0.0046987
0.1185	0.00121248	-0.00549517
0.1186	0.00121208	-0.00629155
0.1187	0.00121162	-0.00708777
0.1188	0.00121111	-0.00788378
0.1189	0.00121054	-0.00867954
0.119	0.00120992	-0.00947498
0.1191	0.00120925	-0.0102701
0.1192	0.00120853	-0.0110647
0.1193	0.00120775	-0.011859
0.1194	0.00120692	-0.0126527
0.1195	0.00120603	-0.0134458
0.1196	0.0012051	-0.0142383
0.1197	0.00120411	-0.0150302
0.1198	0.00120307	-0.0158213
0.1199	0.00120197	-0.0166117
0.12	0.00120083	-0.0174013
0.1201	0.00119963	-0.0181899
0.1202	0.00119837	-0.0189777
0.1203	0.00119707	-0.0197645
0.1204	0.00119571	-0.0205503
0.1205	0.0011943	-0.021335
0.1206	0.00119284	-0.0221186
0.1207	0.00119133	-0.022901
0.1208	0.00118976	-0.0236822
0.1209	0.00118814	-0.0244621
0.121	0.00118647	-0.0252407
0.1211	0.00118475	-0.0260179
0.1212	0.00118298	-0.0267937
0.1213	0.00118115	-0.0275681
0.1214	0.00117928	-0.0283409
0.1215	0.00117735	-0.0291121
0.1216	0.00117537	-0.0298817
0.1217	0.00117334	-0.0306497
0.1218	0.00117126	-0.0314159
0.1219	0.00116912	-0.0321804
0.122	0.00116694	-0.032943
0.1221	0.00116471	-0.0337038
0.1222	0.00116242	-0.0344627
0.1223	0.00116009	-0.0352196
0.1224	0.0011577	-0.0359745
0.1225	0.00115526	-0.0367273
0.1226	0.00115278	-0.037478
0.1227	0.00115024	-0.0382266
0.1228	0.00114765	-0.0389729
0.1229	0.00114502	-0.039717
0.123	0.00114233	-0.0404588
0.1231	0.0011396	-0.0411983
0.1232	0.00113682	-0.0419353
0.1233	0.00113398	-0.0426699
0.1234	0.0011311	-0.043402
0.1235	0.00112817	-0.0441316
0.1236	0.00112519	-0.0448586
0.1237	0.00112217	-0.045583
0.1238	0.00111909	-0.0463046
0.1239	0.00111597	-0.0470236
0.124	0.0011128	-0.0477398
0.1241	0.00110958	-0.0484532
0.1242	0.00110631	-0.0491637
0.1243	0.001103	-0.0498713
0.1244	0.00109964	-0.0505759
0.1245	0.00109623	-0.0512776
0.1246	0.00109278	-0.0519762
0.1247	0.00108928	-0.0526717
0.1248	0.00108573	-0.0533641
0.1249	0.00108214	-0.0540533
0.125	0.0010785	-0.0547392
0.1251	0.00107482	-0.0554219
0.1252	0.00107109	-0.0561014
0.1253	0.00106732	-0.0567774
0.1254	0.0010635	-0.0574501
0.1255	0.00105963	-0.0581193
0.1256	0.00105573	-0.058785
0.1257	0.00105177	-0.0594472
0.1258	0.00104778	-0.0601058
0.1259	0.00104374	-0.0607609
0.126	0.00103965	-0.0614122
0.1261	0.00103553	-0.0620599
0.1262	0.00103136	-0.0627038
0.1263	0.00102714	-0.063344
0.1264	0.00102289	-0.0639803
0.1265	0.00101859	-0.0646128
0.1266	0.00101425	-0.0652414
0.1267	0.00100987	-0.065866
0.1268	0.00100545	-0.0664867
0.1269	0.00100099	-0.0671033
0.127	0.000996482	-0.0677159
0.1271	0.000991937	-0.0683244
0.1272	0.000987352	-0.0689287
0.1273	0.000982727	-0.0695289
0.1274	0.000978062	-0.0701248
0.1275	0.000973357	-0.0707165
0.1276	0.000968613	-0.0713039
0.1277	0.00096383	-0.071887
0.1278	0.000959008	-0.0724657
0.1279	0.000954148	-0.0730399
0.128	0.00094925	-0.0736098
0.1281	0.000944315	-0.0741752
0.1282	0.000939341	-0.074736
0.1283	0.000934331	-0.0752923
0.1284	0.000929284	-0.075844
0.1285	0.0009242	-0.0763911
0.1286	0.00091908	-0.0769336
0.1287	0.000913924	-0.0774713
0.1288	0.000908733	-0.0780043
0.1289	0.000903506	-0.0785326
0.129	0.000898244	-0.079056
0.1291	0.000892947	-0.0795747
0.1292	0.000887617	-0.0800884
0.1293	0.000882252	-0.0805973
0.1294	0.000876853	-0.0811013
0.1295	0.000871421	-0.0816003
0.1296	0.000865957	-0.0820942
0.1297	0.000860459	-0.0825832
0.1298	0.000854929	-0.0830671
0.1299	0.000849367	-0.083546
0.13	0.000843774	-0.0840197
0.1301	0.000838149	-0.0844882
0.1302	0.000832493	-0.0849516
0.1303	0.000826806	-0.0854098
0.1304	0.00082109	-0.0858627
0.1305	0.000815343	-0.0863104
0.1306	0.000809567	-0.0867528
0.1307	0.000803761	-0.0871898
0.1308	0.000797927	-0.0876215
0.1309	0.000792064	-0.0880478
0.131	0.000786173	-0.0884687
0.1311	0.000780254	-0.0888842
0.1312	0.000774308	-0.0892942
0.1313	0.000768334	-0.0896988
0.1314	0.000762334	-0.0900978
0.1315	0.000756308	-0.0904913
0.1316	0.000750256	-0.0908792
0.1317	0.000744178	-0.0912615
0.1318	0.000738075	-0.0916382
0.1319	0.000731947	-0.0920093
0.132	0.000725795	-0.0923747
0.1321	0.000719618	-0.0927344
0.1322	0.000713418	-0.0930884
0.1323	0.000707195	-0.0934367
0.1324	0.000700948	-0.0937792
0.1325	0.00069468	-0.0941159
0.1326	0.000688388	-0.0944469
0.1327	0.000682076	-0.094772
0.1328	0.000675741	-0.0950913
0.1329	0.000669386	-0.0954047
0.133	0.00066301	-0.0957123
0.1331	0.000656614	-0.0960139
0.1332	0.000650199	-0.0963097
0.1333	0.000643763	-0.0965995
0.1334	0.000637309	-0.0968833
0.1335	0.000630836	-0.0971611
0.1336	0.000624345	-0.097433
0.1337	0.000617836	-0.0976988
0.1338	0.00061131	-0.0979587
0.1339	0.000604766	-0.0982124
0.134	0.000598206	-0.0984601
0.1341	0.00059163	-0.0987018
0.1342	0.000585038	-0.0989373
0.1343	0.000578431	-0.0991667
0.1344	0.000571808	-0.09939
0.1345	0.000565171	-0.0996072
0.1346	0.00055852	-0.0998182
0.1347	0.000551855	-0.100023
0.1348	0.000545177	-0.100222
0.1349	0.000538486	-0.100414
0.135	0.000531782	-0.1006
0.1351	0.000525067	-0.100781
0.1352	0.000518339	-0.100954
0.1353	0.0005116	-0.101122
0.1354	0.000504851	-0.101283
0.1355	0.000498091	-0.101438
0.1356	0.000491321	-0.101587
0.1357	0.000484541	-0.10173
0.1358	0.000477752	-0.101866
0.1359	0.000470954	-0.101996
0.136	0.000464148	-0.102119
0.1361	0.000457334	-0.102237
0.1362	0.000450513	-0.102348
0.1363	0.000443685	-0.102452
0.1364	0.000436849	-0.102551
0.1365	0.000430008	-0.102643
0.1366	0.000423161	-0.102728
0.1367	0.000416308	-0.102808
0.1368	0.000409451	-0.10288
0.1369	0.000402589	-0.102947
0.137	0.000395722	-0.103007
0.1371	0.000388853	-0.103061
0.1372	0.000381979	-0.103108
0.1373	0.000375103	-0.103149
0.1374	0.000368225	-0.103184
0.1375	0.000361344	-0.103212
0.1376	0.000354463	-0.103234
0.1377	0.000347579	-0.10325
0.1378	0.000340696	-0.103259
0.1379	0.000333811	-0.103262
0.138	0.000326927	-0.103258
0.1381	0.000320044	-0.103248
0.1382	0.000313162	-0.103231
0.1383	0.000306281	-0.103208
0.1384	0.000299402	-0.103179
0.1385	0.000292525	-0.103144
0.1386	0.00028565	-0.103102
0.1387	0.000278779	-0.103053
0.1388	0.000271912	-0.102998
0.1389	0.000265048	-0.102937
0.139	0.000258189	-0.10287
0.1391	0.000251335	-0.102796
0.1392	0.000244486	-0.102716
0.1393	0.000237642	-0.102629
0.1394	0.000230805	-0.102536
0.1395	0.000223974	-0.102437
0.1396	0.00021715	-0.102331
0.1397	0.000210334	-0.102219
0.1398	0.000203525	-0.102101
0.1399	0.000196725	-0.101976
0.14	0.000189933	-0.101845
0.1401	0.00018315	-0.101708
0.1402	0.000176377	-0.101564
0.1403	0.000169613	-0.101415
0.1404	0.00016286	-0.101258
0.1405	0.000156117	-0.101096
0.1406	0.000149386	-0.100927
0.1407	0.000142666	-0.100753
0.1408	0.000135959	-0.100571
0.1409	0.000129263	-0.100384
0.141	0.00012258	-0.100191
0.1411	0.000115911	-0.0999908
0.1412	0.000109255	-0.0997848
0.1413	0.000102614	-0.0995727
0.1414	9.59863e-05	-0.0993545
0.1415	8.93739e-05	-0.09913
0.1416	8.27768e-05	-0.0988995
0.1417	7.61953e-05	-0.0986628
0.1418	6.96299e-05	-0.0984201
0.1419	6.3081e-05	-0.0981712
0.142	5.6549e-05	-0.0979163
0.1421	5.00343e-05	-0.0976553
0.1422	4.35373e-05	-0.0973883
0.1423	3.70584e-05	-0.0971152
0.1424	3.0598e-05	-0.0968362
0.1425	2.41565e-05	-0.0965512
0.1426	1.77344e-05	-0.0962601
0.1427	1.13319e-05	-0.0959632
0.1428	4.94948e-06	-0.0956603
0.1429	-1.41242e-06	-0.0953515
0.143	-7.75344e-06	-0.0950368
0.1431	-1.40732e-05	-0.0947163
0.1432	-2.03713e-05	-0.0943899
0.1433	-2.66473e-05	-0.0940576
0.1434	-3.29009e-05	-0.0937196
0.1435	-3.91316e-05	-0.0933757
0.1436	-4.53392e-05	-0.0930261
0.1437	-5.15231e-05	-0.0926707
0.1438	-5.76831e-05	-0.0923097
0.1439	-6.38187e-05	-0.0919429
0.144	-6.99296e-05	-0.0915704
0.1441	-7.60153e-05	-0.0911923
0.1442	-8.20756e-05	-0.0908086
0.1443	-8.811e-05	-0.0904193
0.1444	-9.41182e-05	-0.0900244
0.1445	-0.0001001	-0.0896239
0.1446	-0.000106054	-0.0892179
0.1447	-0.000111982	-0.0888064
0.1448	-0.000117881	-0.0883894
0.1449	-0.000123753	-0.087967
0.145	-0.000129596	-0.0875392
0.1451	-0.00013541	-0.0871059
0.1452	-0.000141195	-0.0866673
0.1453	-0.000146951	-0.0862234
0.1454	-0.000152676	-0.0857741
0.1455	-0.000158372	-0.0853196
0.1456	-0.000164037	-0.0848598
0.1457	-0.000169671	-0.0843947
0.1458	-0.000175273	-0.0839245
0.1459	-0.000180845	-0.0834491
0.146	-0.000186384	-0.0829686
0.1461	-0.000191891	-0.082483
0.1462	-0.000197365	-0.0819923
0.1463	-0.000202806	-0.0814966
0.1464	-0.000208214	-0.0809958
0.1465	-0.000213589	-0.0804901
0.1466	-0.000218929	-0.0799794
0.1467	-0.000224235	-0.0794638
0.1468	-0.000229507	-0.0789434
0.1469	-0.000234743	-0.078418
0.147	-0.000239945	-0.0778879
0.1471	-0.00024511	-0.077353
0.1472	-0.00025024	-0.0768134
0.1473	-0.000255334	-0.076269
0.1474	-0.000260391	-0.0757199
0.1475	-0.000265411	-0.0751663
0.1476	-0.000270394	-0.074608
0.1477	-0.00027534	-0.0740451
0.1478	-0.000280248	-0.0734777
0.1479	-0.000285117	-0.0729058
0.148	-0.000289949	-0.0723294
0.1481	-0.000294742	-0.0717486
0.1482	-0.000299496	-0.0711635
0.1483	-0.00030421	-0.0705739
0.1484	-0.000308885	-0.0699801
0.1485	-0.000313521	-0.069382
0.1486	-0.000318116	-0.0687796
0.1487	-0.000322671	-0.068173
0.1488	-0.000327185	-0.0675623
0.1489	-0.000331659	-0.0669475
0.149	-0.000336091	-0.0663286
0.1491	-0.000340481	-0.0657056
0.1492	-0.00034483	-0.0650786
0.1493	-0.000349137	-0.0644477
0.1494	-0.000353402	-0.0638128
0.1495	-0.000357624	-0.0631741
0.1496	-0.000361803	-0.0625315
0.1497	-0.00036594	-0.0618851
0.1498	-0.000370033	-0.061235
0.1499	-0.000374082	-0.0605811
0.15	-0.000378088	-0.0599236
0.1501	-0.00038205	-0.0592624
0.1502	-0.000385967	-0.0585976
0.1503	-0.00038984	-0.0579293
0.1504	-0.000393669	-0.0572575
0.1505	-0.000397452	-0.0565822
0.1506	-0.00040119	-0.0559035
0.1507	-0.000404883	-0.0552214
0.1508	-0.00040853	-0.054536
0.1509	-0.000412131	-0.0538472
0.151	-0.000415686	-0.0531553
0.1511	-0.000419195	-0.0524601
0.1512	-0.000422657	-0.0517618
0.1513	-0.000426073	-0.0510603
0.1514	-0.000429441	-0.0503558
0.1515	-0.000432763	-0.0496483
0.1516	-0.000436037	-0.0489378
0.1517	-0.000439264	-0.0482243
0.1518	-0.000442443	-0.047508
0.1519	-0.000445574	-0.0467888
0.152	-0.000448657	-0.0460669
0.1521	-0.000451692	-0.0453421
0.1522	-0.000454678	-0.0446147
0.1523	-0.000457616	-0.0438846
0.1524	-0.000460505	-0.0431519
0.1525	-0.000463344	-0.0424166
0.1526	-0.000466135	-0.0416789
0.1527	-0.000468877	-0.0409386
0.1528	-0.000471569	-0.0401959
0.1529	-0.000474211	-0.0394509
0.153	-0.000476804	-0.0387035
0.1531	-0.000479346	-0.0379538
0.1532	-0.000481839	-0.0372019
0.1533	-0.000484281	-0.0364479
0.1534	-0.000486673	-0.0356917
0.1535	-0.000489014	-0.0349334
0.1536	-0.000491305	-0.034173
0.1537	-0.000493545	-0.0334107
0.1538	-0.000495734	-0.0326464
0.1539	-0.000497872	-0.0318802
0.154	-0.000499959	-0.0311122
0.1541	-0.000501994	-0.0303424
0.1542	-0.000503978	-0.0295708
0.1543	-0.000505911	-0.0287976
0.1544	-0.000507792	-0.0280227
0.1545	-0.000509621	-0.0272461
0.1546	-0.000511398	-0.0264681
0.1547	-0.000513124	-0.0256885
0.1548	-0.000514797	-0.0249075
0.1549	-0.000516418	-0.0241251
0.155	-0.000517987	-0.0233414
0.1551	-0.000519504	-0.0225563
0.1552	-0.000520968	-0.02177
0.1553	-0.00052238	-0.0209825
0.1554	-0.000523739	-0.0201938
0.1555	-0.000525046	-0.0194041
0.1556	-0.0005263	-0.0186133
0.1557	-0.000527501	-0.0178215
0.1558	-0.000528649	-0.0170287
0.1559	-0.000529745	-0.0162351
0.156	-0.000530787	-0.0154406
0.1561	-0.000531777	-0.0146453
0.1562	-0.000532713	-0.0138492
0.1563	-0.000533596	-0.0130525
0.1564	-0.000534427	-0.0122551
0.1565	-0.000535204	-0.0114572
0.1566	-0.000535927	-0.0106587
0.1567	-0.000536598	-0.00985967
0.1568	-0.000537215	-0.00906023
0.1569	-0.000537779	-0.0082604
0.157	-0.000538289	-0.00746024
0.1571	-0.000538746	-0.00665979
0.1572	-0.00053915	-0.0058591
0.1573	-0.000539501	-0.00505823
0.1574	-0.000539798	-0.00425723
0.1575	-0.000540041	-0.00345614
0.1576	-0.000540231	-0.00265502
0.1577	-0.000540368	-0.00185393
0.1578	-0.000540452	-0.0010529
0.1579	-0.000540482	-0.000252
0.158	-0.000540458	0.000548728
0.1581	-0.000540381	0.00134923
0.1582	-0.000540251	0.00214946
0.1583	-0.000540068	0.00294936
0.1584	-0.000539831	0.00374888
0.1585	-0.000539541	0.00454798
0.1586	-0.000539198	0.00534659
0.1587	-0.000538801	0.00614467
0.1588	-0.000538351	0.00694217
0.1589	-0.000537849	0.00773904
0.159	-0.000537293	0.00853522
0.1591	-0.000536684	0.00933067
0.1592	-0.000536022	0.0101253
0.1593	-0.000535307	0.0109192
0.1594	-0.000534539	0.0117121
0.1595	-0.000533719	0.0125041
0.1596	-0.000532845	0.0132951
0.1597	-0.000531919	0.0140851
0.1598	-0.000530941	0.014874
0.1599	-0.000529909	0.0156617
0.16	-0.000528826	0.0164483
0.1601	-0.00052769	0.0172336
0.1602	-0.000526502	0.0180176
0.1603	-0.000525261	0.0188003
0.1604	-0.000523968	0.0195816
0.1605	-0.000522624	0.0203615
0.1606	-0.000521227	0.0211398
0.1607	-0.000519779	0.0219167
0.1608	-0.000518279	0.0226919
0.1609	-0.000516727	0.0234655
0.161	-0.000515124	0.0242374
0.1611	-0.00051347	0.0250076
0.1612	-0.000511764	0.025776
0.1613	-0.000510007	0.0265425
0.1614	-0.000508199	0.0273072
0.1615	-0.00050634	0.0280699
0.1616	-0.000504431	0.0288307
0.1617	-0.000502471	0.0295894
0.1618	-0.00050046	0.0303461
0.1619	-0.000498399	0.0311006
0.162	-0.000496288	0.0318529
0.1621	-0.000494127	0.032603
0.1622	-0.000491915	0.0333509
0.1623	-0.000489655	0.0340964
0.1624	-0.000487344	0.0348396
0.1625	-0.000484984	0.0355803
0.1626	-0.000482575	0.0363186
0.1627	-0.000480117	0.0370544
0.1628	-0.00047761	0.0377876
0.1629	-0.000475054	0.0385183
0.163	-0.00047245	0.0392462
0.1631	-0.000469797	0.0399715
0.1632	-0.000467096	0.040694
0.1633	-0.000464347	0.0414138
0.1634	-0.00046155	0.0421307
0.1635	-0.000458705	0.0428448
0.1636	-0.000455813	0.0435559
0.1637	-0.000452874	0.044264
0.1638	-0.000449887	0.0449691
0.1639	-0.000446854	0.0456712
0.164	-0.000443774	0.0463702
0.1641	-0.000440648	0.047066
0.1642	-0.000437475	0.0477586
0.1643	-0.000434257	0.048448
0.1644	-0.000430992	0.0491341
0.1645	-0.000427683	0.0498168
0.1646	-0.000424327	0.0504962
0.1647	-0.000420927	0.0511722
0.1648	-0.000417482	0.0518447
0.1649	-0.000413992	0.0525138
0.165	-0.000410457	0.0531793
0.1651	-0.000406879	0.0538412
0.1652	-0.000403256	0.0544994
0.1653	-0.00039959	0.0551541
0.1654	-0.00039588	0.055805
0.1655	-0.000392128	0.0564521
0.1656	-0.000388332	0.0570955
0.1657	-0.000384493	0.057735
0.1658	-0.000380612	0.0583706
0.1659	-0.000376689	0.0590023
0.166	-0.000372724	0.0596301
0.1661	-0.000368717	0.0602539
0.1662	-0.000364669	0.0608736
0.1663	-0.00036058	0.0614893
0.1664	-0.00035645	0.0621008
0.1665	-0.00035228	0.0627082
0.1666	-0.000348069	0.0633114
0.1667	-0.000343818	0.0639104
0.1668	-0.000339527	0.0645051
0.1669	-0.000335197	0.0650955
0.167	-0.000330828	0.0656816
0.1671	-0.00032642	0.0662632
0.1672	-0.000321973	0.0668405
0.1673	-0.000317489	0.0674133
0.1674	-0.000312966	0.0679816
0.1675	-0.000308405	0.0685453
0.1676	-0.000303808	0.0691046
0.1677	-0.000299173	0.0696592
0.1678	-0.000294501	0.0702091
0.1679	-0.000289793	0.0707544
0.168	-0.000285049	0.071295
0.1681	-0.000280269	0.0718309
0.1682	-0.000275454	0.072362
0.1683	-0.000270603	0.0728882
0.1684	-0.000265718	0.0734097
0.1685	-0.000260798	0.0739262
0.1686	-0.000255843	0.0744379
0.1687	-0.000250855	0.0749446
0.1688	-0.000245834	0.0754463
0.1689	-0.000240779	0.075943
0.169	-0.000235692	0.0764347
0.1691	-0.000230571	0.0769213
0.1692	-0.000225419	0.0774029
0.1693	-0.000220235	0.0778793
0.1694	-0.000215019	0.0783505
0.1695	-0.000209773	0.0788165
0.1696	-0.000204495	0.0792774
0.1697	-0.000199187	0.0797329
0.1698	-0.000193849	0.0801832
0.1699	-0.000188481	0.0806282
0.17	-0.000183083	0.0810679
0.1701	-0.000177657	0.0815022
0.1702	-0.000172202	0.0819311
0.1703	-0.000166719	0.0823545
0.1704	-0.000161207	0.0827726
0.1705	-0.000155668	0.0831851
0.1706	-0.000150102	0.0835922
0.1707	-0.000144509	0.0839938
0.1708	-0.00013889	0.0843897
0.1709	-0.000133244	0.0847802
0.171	-0.000127573	0.085165
0.1711	-0.000121876	0.0855442
0.1712	-0.000116154	0.0859177
0.1713	-0.000110408	0.0862856
0.1714	-0.000104637	0.0866478
0.1715	-9.88426e-05	0.0870042
0.1716	-9.30247e-05	0.0873549
0.1717	-8.71837e-05	0.0876999
0.1718	-8.13199e-05	0.0880391
0.1719	-7.54339e-05	0.0883724
0.172	-6.95259e-05	0.0886999
0.1721	-6.35963e-05	0.0890216
0.1722	-5.76457e-05	0.0893374
0.1723	-5.16742e-05	0.0896474
0.1724	-4.56824e-05	0.0899514
0.1725	-3.96706e-05	0.0902495
0.1726	-3.36393e-05	0.0905416
0.1727	-2.75888e-05	0.0908278
0.1728	-2.15195e-05	0.0911079
0.1729	-1.54318e-05	0.0913821
0.173	-9.32613e-06	0.0916503
0.1731	-3.2029e-06	0.0919124
0.1732	2.93751e-06	0.0921685
0.1733	9.09468e-06	0.0924185
0.1734	1.52682e-05	0.0926624
0.1735	2.14577e-05	0.0929002
0.1736	2.76627e-05	0.0931319
0.1737	3.38829e-05	0.0933575
0.1738	4.01178e-05	0.0935769
0.1739	4.6367e-05	0.0937901
0.174	5.26301e-05	0.0939972
0.1741	5.89068e-05	0.0941981
0.1742	6.51965e-05	0.0943928
0.1743	7.14988e-05	0.0945813
0.1744	7.78135e-05	0.0947636
0.1745	8.41399e-05	0.0949396
0.1746	9.04778e-05	0.0951094
0.1747	9.68267e-05	0.0952729
0.1748	0.000103186	0.0954302
0.1749	0.000109556	0.0955812
0.175	0.000115935	0.0957259
0.1751	0.000122324	0.0958643
0.1752	0.000128722	0.0959964
0.1753	0.000135128	0.0961222
0.1754	0.000141542	0.0962416
0.1755	0.000147964	0.0963548
0.1756	0.000154393	0.0964616
0.1757	0.000160829	0.096562
0.1758	0.000167271	0.0966561
0.1759	0.000173719	0.0967439
0.176	0.000180173	0.0968253
0.1761	0.000186632	0.0969003
0.1762	0.000193095	0.096969
0.1763	0.000199563	0.0970313
0.1764	0.000206035	0.0970872
0.1765	0.00021251	0.0971367
0.1766	0.000218988	0.0971799
0.1767	0.000225468	0.0972166
0.1768	0.000231951	0.097247
0.1769	0.000238435	0.097271
0.177	0.000244921	0.0972886
0.1771	0.000251408	0.0972998
0.1772	0.000257894	0.0973046
0.1773	0.000264381	0.097303
0.1774	0.000270868	0.097295
0.1775	0.000277354	0.0972806
0.1776	0.000283838	0.0972598
0.1777	0.000290321	0.0972327
0.1778	0.000296801	0.0971991
0.1779	0.000303279	0.0971592
0.178	0.000309754	0.0971129
0.1781	0.000316226	0.0970601
0.1782	0.000322694	0.0970011
0.1783	0.000329157	0.0969356
0.1784	0.000335616	0.0968638
0.1785	0.00034207	0.0967856
0.1786	0.000348518	0.096701
0.1787	0.00035496	0.0966101
0.1788	0.000361396	0.0965129
0.1789	0.000367825	0.0964093
0.179	0.000374247	0.0962994
0.1791	0.000380661	0.0961831
0.1792	0.000387067	0.0960605
0.1793	0.000393465	0.0959316
0.1794	0.000399853	0.0957964
0.1795	0.000406233	0.095655
0.1796	0.000412602	0.0955072
0.1797	0.000418962	0.0953531
0.1798	0.000425311	0.0951928
0.1799	0.000431649	0.0950262
0.18	0.000437975	0.0948534
0.1801	0.00044429	0.0946744
0.1802	0.000450592	0.0944891
0.1803	0.000456882	0.0942976
0.1804	0.000463158	0.0940999
0.1805	0.000469422	0.093896
0.1806	0.000475671	0.093686
0.1807	0.000481906	0.0934698
0.1808	0.000488126	0.0932475
0.1809	0.000494331	0.093019
0.181	0.000500521	0.0927844
0.1811	0.000506694	0.0925437
0.1812	0.000512851	0.0922969
0.1813	0.000518992	0.0920441
0.1814	0.000525115	0.0917852
0.1815	0.000531221	0.0915202
0.1816	0.000537309	0.0912493
0.1817	0.000543378	0.0909723
0.1818	0.000549429	0.0906894
0.1819	0.00055546	0.0904005
0.182	0.000561472	0.0901056
0.1821	0.000567464	0.0898048
0.1822	0.000573436	0.0894981
0.1823	0.000579387	0.0891855
0.1824	0.000585317	0.0888671
0.1825	0.000591225	0.0885428
0.1826	0.000597111	0.0882127
0.1827	0.000602975	0.0878767
0.1828	0.000608817	0.087535
0.1829	0.000614635	0.0871875
0.183	0.00062043	0.0868343
0.1831	0.000626201	0.0864754
0.1832	0.000631947	0.0861107
0.1833	0.00063767	0.0857404
0.1834	0.000643367	0.0853645
0.1835	0.000649039	0.0849829
0.1836	0.000654685	0.0845957
0.1837	0.000660305	0.084203
0.1838	0.000665898	0.0838047
0.1839	0.000671465	0.0834009
0.184	0.000677005	0.0829916
0.1841	0.000682517	0.0825768
0.1842	0.000688001	0.0821566
0.1843	0.000693456	0.0817309
0.1844	0.000698884	0.0812999
0.1845	0.000704282	0.0808635
0.1846	0.00070965	0.0804217
0.1847	0.00071499	0.0799747
0.1848	0.000720299	0.0795224
0.1849	0.000725577	0.0790648
0.185	0.000730825	0.078602
0.1851	0.000736042	0.0781341
0.1852	0.000741227	0.0776609
0.1853	0.00074638	0.0771827
0.1854	0.000751502	0.0766993
0.1855	0.00075659	0.0762109
0.1856	0.000761646	0.0757174
0.1857	0.000766669	0.075219
0.1858	0.000771659	0.0747156
0.1859	0.000776614	0.0742072
0.186	0.000781535	0.0736939
0.1861	0.000786422	0.0731758
0.1862	0.000791275	0.0726528
0.1863	0.000796092	0.072125
0.1864	0.000800873	0.0715924
0.1865	0.000805619	0.0710551
0.1866	0.000810329	0.0705131
0.1867	0.000815002	0.0699664
0.1868	0.000819639	0.0694151
0.1869	0.000824239	0.0688592
0.187	0.000828802	0.0682987
0.1871	0.000833327	0.0677337
0.1872	0.000837814	0.0671642
0.1873	0.000842262	0.0665902
0.1874	0.000846673	0.0660119
0.1875	0.000851044	0.0654291
0.1876	0.000855377	0.064842
0.1877	0.00085967	0.0642506
0.1878	0.000863923	0.063655
0.1879	0.000868137	0.0630551
0.188	0.00087231	0.062451
0.1881	0.000876443	0.0618428
0.1882	0.000880535	0.0612304
0.1883	0.000884587	0.060614
0.1884	0.000888596	0.0599935
0.1885	0.000892565	0.0593691
0.1886	0.000896491	0.0587407
0.1887	0.000900375	0.0581083
0.1888	0.000904217	0.0574722
0.1889	0.000908017	0.0568321
0.189	0.000911773	0.0561883
0.1891	0.000915487	0.0555408
0.1892	0.000919157	0.0548895
0.1893	0.000922783	0.0542345
0.1894	0.000926366	0.053576
0.1895	0.000929904	0.0529138
0.1896	0.000933398	0.0522481
0.1897	0.000936848	0.051579
0.1898	0.000940253	0.0509063
0.1899	0.000943613	0.0502303
0.19	0.000946927	0.0495508
0.1901	0.000950196	0.0488681
0.1902	0.00095342	0.0481821
0.1903	0.000956598	0.0474928
0.1904	0.000959729	0.0468004
0.1905	0.000962814	0.0461048
0.1906	0.000965853	0.0454061
0.1907	0.000968845	0.0447043
0.1908	0.000971789	0.0439995
0.1909	0.000974687	0.0432918
0.191	0.000977538	0.0425811
0.1911	0.000980341	0.0418676
0.1912	0.000983096	0.0411512
0.1913	0.000985803	0.0404321
0.1914	0.000988462	0.0397102
0.1915	0.000991073	0.0389856
0.1916	0.000993636	0.0382583
0.1917	0.00099615	0.0375285
0.1918	0.000998615	0.0367961
0.1919	0.00100103	0.0360612
0.192	0.0010034	0.0353239
0.1921	0.00100572	0.0345841
0.1922	0.00100798	0.033842
0.1923	0.0010102	0.0330975
0.1924	0.00101237	0.0323508
0.1925	0.00101449	0.0316019
0.1926	0.00101656	0.0308507
0.1927	0.00101858	0.0300975
0.1928	0.00102055	0.0293422
0.1929	0.00102247	0.0285849
0.193	0.00102433	0.0278255
0.1931	0.00102615	0.0270643
0.1932	0.00102792	0.0263012
0.1933	0.00102963	0.0255362
0.1934	0.0010313	0.0247694
0.1935	0.00103291	0.024001
0.1936	0.00103447	0.0232308
0.1937	0.00103598	0.022459
0.1938	0.00103744	0.0216856
0.1939	0.00103884	0.0209107
0.194	0.0010402	0.0201343
0.1941	0.0010415	0.0193564
0.1942	0.00104275	0.0185772
0.1943	0.00104395	0.0177966
0.1944	0.0010451	0.0170147
0.1945	0.0010462	0.0162316
0.1946	0.00104724	0.0154473
0.1947	0.00104823	0.0146619
0.1948	0.00104917	0.0138754
0.1949	0.00105005	0.0130878
0.195	0.00105089	0.0122993
0.1951	0.00105167	0.0115098
0.1952	0.00105239	0.0107195
0.1953	0.00105307	0.00992829
0.1954	0.00105369	0.00913632
0.1955	0.00105426	0.00834362
0.1956	0.00105478	0.00755023
0.1957	0.00105524	0.00675621
0.1958	0.00105565	0.00596162
0.1959	0.00105601	0.0051665
0.196	0.00105631	0.00437089
0.1961	0.00105656	0.00357487
0.1962	0.00105676	0.00277846
0.1963	0.00105691	0.00198173
0.1964	0.001057	0.00118473
0.1965	0.00105704	0.000387509
0.1966	0.00105702	-0.000409886
0.1967	0.00105696	-0.0012074
0.1968	0.00105684	-0.00200499
0.1969	0.00105666	-0.00280259
0.197	0.00105644	-0.00360016
0.1971	0.00105616	-0.00439764
0.1972	0.00105582	-0.00519499
0.1973	0.00105544	-0.00599215
0.1974	0.001055	-0.00678907
0.1975	0.0010545	-0.00758571
0.1976	0.00105396	-0.008382
0.1977	0.00105336	-0.00917791
0.1978	0.00105271	-0.00997337
0.1979	0.001052	-0.0107683
0.198	0.00105125	-0.0115628
0.1981	0.00105043	-0.0123566
0.1982	0.00104957	-0.0131498
0.1983	0.00104865	-0.0139423
0.1984	0.00104769	-0.014734
0.1985	0.00104666	-0.0155249
0.1986	0.00104559	-0.016315
0.1987	0.00104446	-0.0171042
0.1988	0.00104328	-0.0178925
0.1989	0.00104205	-0.0186797
0.199	0.00104076	-0.0194659
0.1991	0.00103943	-0.020251
0.1992	0.00103804	-0.0210349
0.1993	0.0010366	-0.0218176
0.1994	0.0010351	-0.0225991
0.1995	0.00103356	-0.0233793
0.1996	0.00103196	-0.0241581
0.1997	0.00103031	-0.0249355
0.1998	0.00102861	-0.0257115
0.1999	0.00102685	-0.026486
0.2	0.00102505	-0.0272589
0.2001	0.00102319	-0.0280302
0.2002	0.00102129	-0.0287999
0.2003	0.00101933	-0.0295678
0.2004	0.00101732	-0.030334
0.2005	0.00101526	-0.0310985
0.2006	0.00101315	-0.031861
0.2007	0.00101098	-0.0326217
0.2008	0.00100877	-0.0333804
0.2009	0.00100651	-0.0341371
0.201	0.00100419	-0.0348918
0.2011	0.00100183	-0.0356444
0.2012	0.000999416	-0.0363949
0.2013	0.000996952	-0.0371431
0.2014	0.000994439	-0.0378892
0.2015	0.000991875	-0.0386329
0.2016	0.000989262	-0.0393743
0.2017	0.0009866	-0.0401134
0.2018	0.000983889	-0.04085
0.2019	0.000981129	-0.0415841
0.202	0.00097832	-0.0423158
0.2021	0.000975462	-0.0430448
0.2022	0.000972556	-0.0437713
0.2023	0.000969602	-0.044495
0.2024	0.000966599	-0.0452161
0.2025	0.000963549	-0.0459344
0.2026	0.00096045	-0.04665
0.2027	0.000957304	-0.0473626
0.2028	0.000954111	-0.0480724
0.2029	0.000950871	-0.0487793
0.203	0.000947584	-0.0494831
0.2031	0.00094425	-0.050184
0.2032	0.000940869	-0.0508817
0.2033	0.000937442	-0.0515764
0.2034	0.000933969	-0.0522679
0.2035	0.00093045	-0.0529562
0.2036	0.000926885	-0.0536412
0.2037	0.000923274	-0.0543229
0.2038	0.000919619	-0.0550013
0.2039	0.000915918	-0.0556764
0.204	0.000912173	-0.056348
0.2041	0.000908382	-0.0570161
0.2042	0.000904548	-0.0576807
0.2043	0.000900669	-0.0583418
0.2044	0.000896747	-0.0589993
0.2045	0.000892781	-0.0596531
0.2046	0.000888771	-0.0603033
0.2047	0.000884719	-0.0609497
0.2048	0.000880623	-0.0615924
0.2049	0.000876485	-0.0622313
0.205	0.000872304	-0.0628663
0.2051	0.000868081	-0.0634974
0.2052	0.000863816	-0.0641247
0.2053	0.00085951	-0.0647479
0.2054	0.000855162	-0.0653672
0.2055	0.000850774	-0.0659824
0.2056	0.000846344	-0.0665935
0.2057	0.000841874	-0.0672005
0.2058	0.000837364	-0.0678033
0.2059	0.000832813	-0.0684019
0.206	0.000828223	-0.0689963
0.2061	0.000823594	-0.0695864
0.2062	0.000818926	-0.0701722
0.2063	0.000814218	-0.0707536
0.2064	0.000809472	-0.0713307
0.2065	0.000804688	-0.0719033
0.2066	0.000799866	-0.0724715
0.2067	0.000795006	-0.0730351
0.2068	0.000790109	-0.0735942
0.2069	0.000785175	-0.0741488
0.207	0.000780204	-0.0746987
0.2071	0.000775197	-0.075244
0.2072	0.000770153	-0.0757846
0.2073	0.000765074	-0.0763205
0.2074	0.000759959	-0.0768516
0.2075	0.000754809	-0.077378
0.2076	0.000749625	-0.0778996
0.2077	0.000744405	-0.0784163
0.2078	0.000739152	-0.0789281
0.2079	0.000733864	-0.079435
0.208	0.000728543	-0.0799369
0.2081	0.000723189	-0.0804339
0.2082	0.000717802	-0.0809259
0.2083	0.000712383	-0.0814128
0.2084	0.000706931	-0.0818946
0.2085	0.000701447	-0.0823713
0.2086	0.000695932	-0.0828429
0.2087	0.000690386	-0.0833094
0.2088	0.000684809	-0.0837706
0.2089	0.000679201	-0.0842266
0.209	0.000673563	-0.0846774
0.2091	0.000667896	-0.0851228
0.2092	0.000662199	-0.085563
0.2093	0.000656473	-0.0859978
0.2094	0.000650718	-0.0864272
0.2095	0.000644935	-0.0868513
0.2096	0.000639124	-0.0872699
0.2097	0.000633285	-0.0876831
0.2098	0.000627419	-0.0880908
0.2099	0.000621526	-0.0884929
0.21	0.000615606	-0.0888896
0.2101	0.000609661	-0.0892807
0.2102	0.000603689	-0.0896662
0.2103	0.000597692	-0.0900461
0.2104	0.00059167	-0.0904204
0.2105	0.000585624	-0.0907891
0.2106	0.000579553	-0.091152
0.2107	0.000573458	-0.0915093
0.2108	0.00056734	-0.0918608
0.2109	0.000561198	-0.0922066
0.211	0.000555034	-0.0925466
0.2111	0.000548848	-0.0928808
0.2112	0.000542639	-0.0932093
0.2113	0.000536409	-0.0935318
0.2114	0.000530157	-0.0938486
0.2115	0.000523885	-0.0941594
0.2116	0.000517592	-0.0944644
0.2117	0.00051128	-0.0947634
0.2118	0.000504947	-0.0950566
0.2119	0.000498596	-0.0953437
0.212	0.000492225	-0.0956249
0.2121	0.000485837	-0.0959001
0.2122	0.00047943	-0.0961693
0.2123	0.000473005	-0.0964325
0.2124	0.000466563	-0.0966896
0.2125	0.000460105	-0.0969407
0.2126	0.00045363	-0.0971857
0.2127	0.000447138	-0.0974246
0.2128	0.000440632	-0.0976575
0.2129	0.00043411	-0.0978842
0.213	0.000427573	-0.0981047
0.2131	0.000421022	-0.0983191
0.2132	0.000414457	-0.0985274
0.2133	0.000407878	-0.0987295
0.2134	0.000401286	-0.0989254
0.2135	0.000394682	-0.0991151
0.2136	0.000388065	-0.0992985
0.2137	0.000381436	-0.0994758
0.2138	0.000374796	-0.0996468
0.2139	0.000368144	-0.0998116
0.214	0.000361482	-0.0999701
0.2141	0.00035481	-0.100122
0.2142	0.000348127	-0.100268
0.2143	0.000341436	-0.100408
0.2144	0.000334735	-0.100541
0.2145	0.000328026	-0.100668
0.2146	0.000321309	-0.100789
0.2147	0.000314584	-0.100904
0.2148	0.000307851	-0.101012
0.2149	0.000301112	-0.101114
0.215	0.000294366	-0.101209
0.2151	0.000287614	-0.101298
0.2152	0.000280857	-0.101381
0.2153	0.000274094	-0.101457
0.2154	0.000267327	-0.101527
0.2155	0.000260555	-0.101591
0.2156	0.00025378	-0.101648
0.2157	0.000247	-0.101699
0.2158	0.000240218	-0.101744
0.2159	0.000233433	-0.101782
0.216	0.000226646	-0.101813
0.2161	0.000219857	-0.101839
0.2162	0.000213067	-0.101858
0.2163	0.000206276	-0.10187
0.2164	0.000199484	-0.101877
0.2165	0.000192692	-0.101876
0.2166	0.000185901	-0.10187
0.2167	0.00017911	-0.101857
0.2168	0.000172321	-0.101837
0.2169	0.000165533	-0.101812
0.217	0.000158747	-0.101779
0.2171	0.000151963	-0.101741
0.2172	0.000145183	-0.101696
0.2173	0.000138406	-0.101645
0.2174	0.000131632	-0.101587
0.2175	0.000124863	-0.101523
0.2176	0.000118098	-0.101452
0.2177	0.000111338	-0.101376
0.2178	0.000104584	-0.101293
0.2179	9.78357e-05	-0.101203
0.218	9.10936e-05	-0.101107
0.2181	8.43582e-05	-0.101005
0.2182	7.76299e-05	-0.100896
0.2183	7.09092e-05	-0.100782
0.2184	6.41965e-05	-0.10066
0.2185	5.74921e-05	-0.100533
0.2186	5.07966e-05	-0.100399
0.2187	4.41103e-05	-0.100259
0.2188	3.74337e-05	-0.100112
0.2189	3.07672e-05	-0.0999598
0.219	2.41111e-05	-0.0998008
0.2191	1.7466e-05	-0.0996356
0.2192	1.08321e-05	-0.0994641
0.2193	4.21006e-06	-0.0992864
0.2194	-2.39985e-06	-0.0991024
0.2195	-8.99718e-06	-0.0989123
0.2196	-1.55815e-05	-0.0987159
0.2197	-2.21525e-05	-0.0985133
0.2198	-2.87096e-05	-0.0983046
0.2199	-3.52525e-05	-0.0980897
0.22	-4.17808e-05	-0.0978686
0.2201	-4.8294e-05	-0.0976414
0.2202	-5.47918e-05	-0.0974081
0.2203	-6.12737e-05	-0.0971687
0.2204	-6.77393e-05	-0.0969231
0.2205	-7.41883e-05	-0.0966715
0.2206	-8.06201e-05	-0.0964139
0.2207	-8.70345e-05	-0.0961502
0.2208	-9.34311e-05	-0.0958804
0.2209	-9.98093e-05	-0.0956047
0.221	-0.000106169	-0.0953229
0.2211	-0.000112509	-0.0950352
0.2212	-0.00011883	-0.0947415
0.2213	-0.000125131	-0.0944419
0.2214	-0.000131412	-0.0941363
0.2215	-0.000137672	-0.0938249
0.2216	-0.000143912	-0.0935076
0.2217	-0.000150129	-0.0931844
0.2218	-0.000156325	-0.0928554
0.2219	-0.000162499	-0.0925205
0.222	-0.00016865	-0.0921799
0.2221	-0.000174778	-0.0918335
0.2222	-0.000180882	-0.0914813
0.2223	-0.000186963	-0.0911234
0.2224	-0.00019302	-0.0907598
0.2225	-0.000199052	-0.0903905
0.2226	-0.000205059	-0.0900155
0.2227	-0.000211041	-0.0896349
0.2228	-0.000216997	-0.0892487
0.2229	-0.000222928	-0.0888569
0.223	-0.000228832	-0.0884595
0.2231	-0.000234709	-0.0880566
0.2232	-0.000240559	-0.0876482
0.2233	-0.000246381	-0.0872343
0.2234	-0.000252176	-0.0868149
0.2235	-0.000257942	-0.0863901
0.2236	-0.00026368	-0.0859599
0.2237	-0.000269389	-0.0855243
0.2238	-0.000275068	-0.0850834
0.2239	-0.000280718	-0.0846371
0.224	-0.000286338	-0.0841856
0.2241	-0.000291928	-0.0837287
0.2242	-0.000297486	-0.0832667
0.2243	-0.000303014	-0.0827994
0.2244	-0.00030851	-0.082327
0.2245	-0.000313975	-0.0818494
0.2246	-0.000319407	-0.0813667
0.2247	-0.000324807	-0.0808789
0.2248	-0.000330174	-0.080386
0.2249	-0.000335509	-0.0798881
0.225	-0.000340809	-0.0793853
0.2251	-0.000346076	-0.0788775
0.2252	-0.000351309	-0.0783647
0.2253	-0.000356507	-0.077847
0.2254	-0.000361671	-0.0773245
0.2255	-0.000366799	-0.0767972
0.2256	-0.000371893	-0.0762651
0.2257	-0.00037695	-0.0757282
0.2258	-0.000381971	-0.0751866
0.2259	-0.000386956	-0.0746402
0.226	-0.000391905	-0.0740893
0.2261	-0.000396816	-0.0735337
0.2262	-0.00040169	-0.0729735
0.2263	-0.000406527	-0.0724088
0.2264	-0.000411326	-0.0718395
0.2265	-0.000416086	-0.0712658
0.2266	-0.000420808	-0.0706877
0.2267	-0.000425492	-0.0701051
0.2268	-0.000430136	-0.0695182
0.2269	-0.000434741	-0.0689269
0.227	-0.000439306	-0.0683313
0.2271	-0.000443831	-0.0677315
0.2272	-0.000448316	-0.0671275
0.2273	-0.000452761	-0.0665193
0.2274	-0.000457165	-0.065907
0.2275	-0.000461528	-0.0652905
0.2276	-0.00046585	-0.06467
0.2277	-0.00047013	-0.0640455
0.2278	-0.000474368	-0.063417
0.2279	-0.000478564	-0.0627846
0.228	-0.000482718	-0.0621482
0.2281	-0.000486829	-0.061508
0.2282	-0.000490897	-0.060864
0.2283	-0.000494922	-0.0602162
0.2284	-0.000498904	-0.0595647
0.2285	-0.000502842	-0.0589095
0.2286	-0.000506736	-0.0582506
0.2287	-0.000510586	-0.0575881
0.2288	-0.000514392	-0.0569221
0.2289	-0.000518153	-0.0562525
0.229	-0.00052187	-0.0555794
0.2291	-0.000525541	-0.0549029
0.2292	-0.000529167	-0.054223
0.2293	-0.000532748	-0.0535398
0.2294	-0.000536283	-0.0528532
0.2295	-0.000539771	-0.0521634
0.2296	-0.000543214	-0.0514704
0.2297	-0.000546611	-0.0507741
0.2298	-0.000549961	-0.0500748
0.2299	-0.000553264	-0.0493724
0.23	-0.00055652	-0.0486669
0.2301	-0.000559729	-0.0479584
0.2302	-0.00056289	-0.047247
0.2303	-0.000566004	-0.0465326
0.2304	-0.00056907	-0.0458154
0.2305	-0.000572089	-0.0450954
0.2306	-0.000575059	-0.0443726
0.2307	-0.00057798	-0.0436471
0.2308	-0.000580854	-0.0429189
0.2309	-0.000583678	-0.0421881
0.231	-0.000586454	-0.0414547
0.2311	-0.000589181	-0.0407187
0.2312	-0.000591858	-0.0399803
0.2313	-0.000594486	-0.0392394
0.2314	-0.000597065	-0.0384962
0.2315	-0.000599594	-0.0377506
0.2316	-0.000602073	-0.0370026
0.2317	-0.000604502	-0.0362525
0.2318	-0.000606882	-0.0355001
0.2319	-0.00060921	-0.0347456
0.232	-0.000611489	-0.0339889
0.2321	-0.000613717	-0.0332302
0.2322	-0.000615894	-0.0324695
0.2323	-0.00061802	-0.0317068
0.2324	-0.000620096	-0.0309423
0.2325	-0.00062212	-0.0301758
0.2326	-0.000624093	-0.0294075
0.2327	-0.000626015	-0.0286375
0.2328	-0.000627885	-0.0278657
0.2329	-0.000629704	-0.0270923
0.233	-0.000631471	-0.0263173
0.2331	-0.000633187	-0.0255407
0.2332	-0.000634851	-0.0247625
0.2333	-0.000636462	-0.0239829
0.2334	-0.000638022	-0.0232019
0.2335	-0.00063953	-0.0224195
0.2336	-0.000640985	-0.0216358
0.2337	-0.000642388	-0.0208508
0.2338	-0.000643738	-0.0200646
0.2339	-0.000645037	-0.0192772
0.234	-0.000646282	-0.0184887
0.2341	-0.000647475	-0.0176992
0.2342	-0.000648615	-0.0169086
0.2343	-0.000649703	-0.016117
0.2344	-0.000650738	-0.0153246
0.2345	-0.000651719	-0.0145312
0.2346	-0.000652648	-0.0137371
0.2347	-0.000653524	-0.0129421
0.2348	-0.000654347	-0.0121465
0.2349	-0.000655117	-0.0113502
0.235	-0.000655833	-0.0105533
0.2351	-0.000656497	-0.00975582
0.2352	-0.000657107	-0.00895783
0.2353	-0.000657664	-0.00815938
0.2354	-0.000658168	-0.00736052
0.2355	-0.000658619	-0.00656131
0.2356	-0.000659016	-0.00576178
0.2357	-0.00065936	-0.004962
0.2358	-0.000659651	-0.00416202
0.2359	-0.000659888	-0.00336188
0.236	-0.000660072	-0.00256164
0.2361	-0.000660203	-0.00176134
0.2362	-0.00066028	-0.00096105
0.2363	-0.000660304	-0.000160806
0.2364	-0.000660274	0.000639336
0.2365	-0.000660191	0.00143932
0.2366	-0.000660055	0.00223911
0.2367	-0.000659866	0.00303864
0.2368	-0.000659623	0.00383786
0.2369	-0.000659327	0.00463673
0.237	-0.000658978	0.00543519
0.2371	-0.000658576	0.00623319
0.2372	-0.00065812	0.00703068
0.2373	-0.000657611	0.0078276
0.2374	-0.000657049	0.00862392
0.2375	-0.000656435	0.00941957
0.2376	-0.000655767	0.0102145
0.2377	-0.000655046	0.0110087
0.2378	-0.000654272	0.011802
0.2379	-0.000653445	0.0125945
0.238	-0.000652566	0.0133861
0.2381	-0.000651634	0.0141767
0.2382	-0.000650649	0.0149663
0.2383	-0.000649612	0.0157548
0.2384	-0.000648522	0.0165422
0.2385	-0.00064738	0.0173285
0.2386	-0.000646185	0.0181135
0.2387	-0.000644938	0.0188972
0.2388	-0.000643639	0.0196796
0.2389	-0.000642288	0.0204607
0.239	-0.000640885	0.0212403
0.2391	-0.000639429	0.0220185
0.2392	-0.000637923	0.0227951
0.2393	-0.000636364	0.0235702
0.2394	-0.000634754	0.0243437
0.2395	-0.000633092	0.0251155
0.2396	-0.000631379	0.0258856
0.2397	-0.000629615	0.0266539
0.2398	-0.000627799	0.0274204
0.2399	-0.000625933	0.028185
0.24	-0.000624016	0.0289477
0.2401	-0.000622047	0.0297085
0.2402	-0.000620029	0.0304672
0.2403	-0.00061796	0.0312239
0.2404	-0.00061584	0.0319785
0.2405	-0.00061367	0.0327309
0.2406	-0.000611451	0.0334811
0.2407	-0.000609181	0.0342291
0.2408	-0.000606862	0.0349747
0.2409	-0.000604493	0.0357181
0.241	-0.000602074	0.036459
0.2411	-0.000599607	0.0371975
0.2412	-0.00059709	0.0379335
0.2413	-0.000594524	0.0386669
0.2414	-0.000591909	0.0393978
0.2415	-0.000589246	0.0401261
0.2416	-0.000586535	0.0408516
0.2417	-0.000583775	0.0415745
0.2418	-0.000580967	0.0422946
0.2419	-0.000578112	0.0430118
0.242	-0.000575208	0.0437262
0.2421	-0.000572257	0.0444377
0.2422	-0.000569259	0.0451463
0.2423	-0.000566214	0.0458518
0.2424	-0.000563122	0.0465543
0.2425	-0.000559983	0.0472537
0.2426	-0.000556798	0.04795
0.2427	-0.000553567	0.0486431
0.2428	-0.000550289	0.049333
0.2429	-0.000546966	0.0500197
0.243	-0.000543597	0.050703
0.2431	-0.000540182	0.0513829
0.2432	-0.000536723	0.0520595
0.2433	-0.000533218	0.0527327
0.2434	-0.000529669	0.0534023
0.2435	-0.000526075	0.0540684
0.2436	-0.000522438	0.054731
0.2437	-0.000518756	0.0553899
0.2438	-0.00051503	0.0560452
0.2439	-0.000511261	0.0566968
0.244	-0.000507449	0.0573447
0.2441	-0.000503593	0.0579888
0.2442	-0.000499695	0.0586291
0.2443	-0.000495755	0.0592655
0.2444	-0.000491772	0.059898
0.2445	-0.000487747	0.0605266
0.2446	-0.000483681	0.0611512
0.2447	-0.000479573	0.0617718
0.2448	-0.000475424	0.0623883
0.2449	-0.000471234	0.0630007
0.245	-0.000467003	0.063609
0.2451	-0.000462732	0.0642131
0.2452	-0.000458421	0.064813
0.2453	-0.00045407	0.0654087
0.2454	-0.00044968	0.066
0.2455	-0.00044525	0.066587
0.2456	-0.000440782	0.0671697
0.2457	-0.000436275	0.0677479
0.2458	-0.000431729	0.0683217
0.2459	-0.000427146	0.0688911
0.246	-0.000422525	0.0694559
0.2461	-0.000417866	0.0700161
0.2462	-0.000413171	0.0705718
0.2463	-0.000408438	0.0711229
0.2464	-0.000403669	0.0716693
0.2465	-0.000398864	0.072211
0.2466	-0.000394023	0.072748
0.2467	-0.000389146	0.0732802
0.2468	-0.000384234	0.0738076
0.2469	-0.000379288	0.0743302
0.247	-0.000374306	0.074848
0.2471	-0.000369291	0.0753608
0.2472	-0.000364241	0.0758687
0.2473	-0.000359158	0.0763717
0.2474	-0.000354041	0.0768697
0.2475	-0.000348892	0.0773626
0.2476	-0.00034371	0.0778505
0.2477	-0.000338495	0.0783333
0.2478	-0.000333249	0.078811
0.2479	-0.000327971	0.0792835
0.248	-0.000322662	0.0797509
0.2481	-0.000317322	0.080213
0.2482	-0.000311952	0.0806699
0.2483	-0.000306551	0.0811216
0.2484	-0.000301121	0.0815679
0.2485	-0.00029566	0.082009
0.2486	-0.000290171	0.0824446
0.2487	-0.000284653	0.0828749
0.2488	-0.000279107	0.0832998
0.2489	-0.000273533	0.0837193
0.249	-0.00026793	0.0841333
0.2491	-0.000262301	0.0845418
0.2492	-0.000256645	0.0849448
0.2493	-0.000250962	0.0853423
0.2494	-0.000245252	0.0857342
0.2495	-0.000239517	0.0861205
0.2496	-0.000233757	0.0865011
0.2497	-0.000227971	0.0868762
0.2498	-0.000222161	0.0872456
0.2499	-0.000216326	0.0876093
0.25	-0.000210467	0.0879673
0.2501	-0.000204585	0.0883195
0.2502	-0.00019868	0.0886661
0.2503	-0.000192752	0.0890068
0.2504	-0.000186801	0.0893417
0.2505	-0.000180828	0.0896708
0.2506	-0.000174834	0.0899941
0.2507	-0.000168818	0.0903115
0.2508	-0.000162782	0.090623
0.2509	-0.000156725	0.0909287
0.251	-0.000150648	0.0912284
0.2511	-0.000144551	0.0915221
0.2512	-0.000138435	0.0918099
0.2513	-0.0001323	0.0920918
