0	0	0
0.0001	1.20833e-09	3.21242e-05
0.0002	7.66731e-09	0.000125657
0.0003	2.32729e-08	0.000276688
0.0004	5.16725e-08	0.000481544
0.0005	9.62799e-08	0.000736779
0.0006	1.6029e-07	0.00103915
0.0007	2.46691e-07	0.00138563
0.0008	3.5828e-07	0.00177335
0.0009	4.97669e-07	0.00219964
0.001	6.67303e-07	0.00266197
0.0011	8.69465e-07	0.00315797
0.0012	1.10629e-06	0.00368543
0.0013	1.37976e-06	0.00424225
0.0014	1.69174e-06	0.00482646
0.0015	2.04396e-06	0.00543621
0.0016	2.43804e-06	0.00606977
0.0017	2.87548e-06	0.0067255
0.0018	3.35768e-06	0.00740186
0.0019	3.88594e-06	0.0080974
0.002	4.46148e-06	0.00881076
0.0021	5.08541e-06	0.00954065
0.0022	5.75878e-06	0.0102859
0.0023	6.48255e-06	0.0110453
0.0024	7.25761e-06	0.0118178
0.0025	8.08478e-06	0.0126024
0.0026	8.96483e-06	0.0133981
0.0027	9.89845e-06	0.0142041
0.0028	1.08863e-05	0.0150195
0.0029	1.19289e-05	0.0158435
0.003	1.30268e-05	0.0166753
0.0031	1.41806e-05	0.0175142
0.0032	1.53906e-05	0.0183596
0.0033	1.66573e-05	0.0192107
0.0034	1.7981e-05	0.0200671
0.0035	1.9362e-05	0.020928
0.0036	2.08006e-05	0.021793
0.0037	2.22971e-05	0.0226616
0.0038	2.38516e-05	0.0235333
0.0039	2.54644e-05	0.0244075
0.004	2.71355e-05	0.0252839
0.0041	2.88652e-05	0.026162
0.0042	3.06535e-05	0.0270415
0.0043	3.25005e-05	0.027922
0.0044	3.44062e-05	0.0288031
0.0045	3.63706e-05	0.0296844
0.0046	3.83939e-05	0.0305657
0.0047	4.04758e-05	0.0314465
0.0048	4.26164e-05	0.0323268
0.0049	4.48157e-05	0.033206
0.005	4.70736e-05	0.034084
0.0051	4.93898e-05	0.0349606
0.0052	5.17645e-05	0.0358354
0.0053	5.41974e-05	0.0367082
0.0054	5.66883e-05	0.0375788
0.0055	5.92372e-05	0.038447
0.0056	6.18438e-05	0.0393125
0.0057	6.45079e-05	0.0401752
0.0058	6.72295e-05	0.0410348
0.0059	7.00082e-05	0.0418912
0.006	7.28438e-05	0.0427443
0.0061	7.57361e-05	0.0435937
0.0062	7.86848e-05	0.0444393
0.0063	8.16897e-05	0.0452811
0.0064	8.47506e-05	0.0461188
0.0065	8.7867e-05	0.0469522
0.0066	9.10388e-05	0.0477813
0.0067	9.42657e-05	0.0486058
0.0068	9.75473e-05	0.0494257
0.0069	0.000100883	0.0502408
0.007	0.000104273	0.051051
0.0071	0.000107717	0.0518561
0.0072	0.000111215	0.052656
0.0073	0.000114765	0.0534506
0.0074	0.000118368	0.0542398
0.0075	0.000122023	0.0550235
0.0076	0.000125731	0.0558015
0.0077	0.00012949	0.0565738
0.0078	0.0001333	0.0573402
0.0079	0.000137161	0.0581006
0.008	0.000141072	0.058855
0.0081	0.000145033	0.0596032
0.0082	0.000149044	0.0603451
0.0083	0.000153104	0.0610807
0.0084	0.000157213	0.0618098
0.0085	0.00016137	0.0625324
0.0086	0.000165575	0.0632483
0.0087	0.000169827	0.0639576
0.0088	0.000174126	0.06466
0.0089	0.000178472	0.0653555
0.009	0.000182863	0.066044
0.0091	0.0001873	0.0667255
0.0092	0.000191783	0.0673998
0.0093	0.00019631	0.0680669
0.0094	0.000200881	0.0687268
0.0095	0.000205495	0.0693792
0.0096	0.000210153	0.0700242
0.0097	0.000214853	0.0706617
0.0098	0.000219596	0.0712916
0.0099	0.00022438	0.0719139
0.01	0.000229205	0.0725284
0.0101	0.000234071	0.0731351
0.0102	0.000238976	0.073734
0.0103	0.000243922	0.0743249
0.0104	0.000248906	0.0749079
0.0105	0.000253929	0.0754828
0.0106	0.00025899	0.0760496
0.0107	0.000264088	0.0766082
0.0108	0.000269223	0.0771585
0.0109	0.000274394	0.0777006
0.011	0.000279601	0.0782343
0.0111	0.000284843	0.0787596
0.0112	0.000290119	0.0792765
0.0113	0.00029543	0.0797848
0.0114	0.000300774	0.0802846
0.0115	0.000306151	0.0807757
0.0116	0.000311561	0.0812581
0.0117	0.000317002	0.0817319
0.0118	0.000322474	0.0821968
0.0119	0.000327977	0.082653
0.012	0.000333509	0.0831002
0.0121	0.000339071	0.0835386
0.0122	0.000344662	0.0839679
0.0123	0.000350281	0.0843883
0.0124	0.000355928	0.0847997
0.0125	0.000361602	0.0852019
0.0126	0.000367301	0.085595
0.0127	0.000373027	0.0859789
0.0128	0.000378778	0.0863537
0.0129	0.000384553	0.0867191
0.013	0.000390353	0.0870753
0.0131	0.000396175	0.0874222
0.0132	0.00040202	0.0877597
0.0133	0.000407887	0.0880878
0.0134	0.000413776	0.0884065
0.0135	0.000419685	0.0887157
0.0136	0.000425615	0.0890155
0.0137	0.000431564	0.0893057
0.0138	0.000437532	0.0895864
0.0139	0.000443518	0.0898575
0.014	0.000449522	0.090119
0.0141	0.000455542	0.0903708
0.0142	0.000461579	0.090613
0.0143	0.000467632	0.0908456
0.0144	0.000473699	0.0910684
0.0145	0.000479781	0.0912815
0.0146	0.000485877	0.0914849
0.0147	0.000491986	0.0916784
0.0148	0.000498107	0.0918623
0.0149	0.00050424	0.0920363
0.015	0.000510384	0.0922004
0.0151	0.000516539	0.0923548
0.0152	0.000522703	0.0924993
0.0153	0.000528876	0.0926339
0.0154	0.000535058	0.0927587
0.0155	0.000541248	0.0928735
0.0156	0.000547445	0.0929785
0.0157	0.000553649	0.0930735
0.0158	0.000559858	0.0931586
0.0159	0.000566072	0.0932338
0.016	0.000572291	0.093299
0.0161	0.000578514	0.0933543
0.0162	0.00058474	0.0933997
0.0163	0.000590968	0.0934351
0.0164	0.000597199	0.0934605
0.0165	0.00060343	0.093476
0.0166	0.000609662	0.0934815
0.0167	0.000615894	0.093477
0.0168	0.000622125	0.0934626
0.0169	0.000628355	0.0934383
0.017	0.000634583	0.093404
0.0171	0.000640808	0.0933597
0.0172	0.000647029	0.0933055
0.0173	0.000653246	0.0932413
0.0174	0.000659459	0.0931672
0.0175	0.000665666	0.0930832
0.0176	0.000671866	0.0929892
0.0177	0.000678061	0.0928854
0.0178	0.000684247	0.0927716
0.0179	0.000690426	0.092648
0.018	0.000696596	0.0925145
0.0181	0.000702756	0.0923711
0.0182	0.000708907	0.0922179
0.0183	0.000715047	0.0920549
0.0184	0.000721175	0.091882
0.0185	0.000727291	0.0916994
0.0186	0.000733395	0.0915069
0.0187	0.000739485	0.0913048
0.0188	0.000745562	0.0910928
0.0189	0.000751624	0.0908712
0.019	0.00075767	0.0906399
0.0191	0.000763701	0.0903989
0.0192	0.000769715	0.0901483
0.0193	0.000775712	0.089888
0.0194	0.000781691	0.0896182
0.0195	0.000787651	0.0893388
0.0196	0.000793593	0.0890498
0.0197	0.000799515	0.0887514
0.0198	0.000805416	0.0884434
0.0199	0.000811296	0.088126
0.02	0.000817155	0.0877993
0.0201	0.000822992	0.0874631
0.0202	0.000828805	0.0871176
0.0203	0.000834595	0.0867627
0.0204	0.000840361	0.0863986
0.0205	0.000846103	0.0860253
0.0206	0.000851818	0.0856427
0.0207	0.000857508	0.085251
0.0208	0.000863172	0.0848502
0.0209	0.000868808	0.0844403
0.021	0.000874416	0.0840214
0.0211	0.000879996	0.0835934
0.0212	0.000885547	0.0831565
0.0213	0.000891069	0.0827107
0.0214	0.00089656	0.082256
0.0215	0.000902021	0.0817925
0.0216	0.00090745	0.0813202
0.0217	0.000912847	0.0808392
0.0218	0.000918212	0.0803495
0.0219	0.000923543	0.0798512
0.022	0.000928842	0.0793443
0.0221	0.000934105	0.0788289
0.0222	0.000939334	0.078305
0.0223	0.000944528	0.0777727
0.0224	0.000949686	0.077232
0.0225	0.000954807	0.076683
0.0226	0.000959891	0.0761258
0.0227	0.000964938	0.0755603
0.0228	0.000969947	0.0749867
0.0229	0.000974917	0.074405
0.023	0.000979847	0.0738153
0.0231	0.000984739	0.0732176
0.0232	0.000989589	0.072612
0.0233	0.000994399	0.0719986
0.0234	0.000999168	0.0713774
0.0235	0.0010039	0.0707484
0.0236	0.00100858	0.0701118
0.0237	0.00101322	0.0694676
0.0238	0.00101782	0.0688158
0.0239	0.00102237	0.0681566
0.024	0.00102689	0.06749
0.0241	0.00103135	0.066816
0.0242	0.00103577	0.0661348
0.0243	0.00104015	0.0654464
0.0244	0.00104447	0.0647508
0.0245	0.00104876	0.0640482
0.0246	0.00105299	0.0633386
0.0247	0.00105718	0.0626221
0.0248	0.00106131	0.0618988
0.0249	0.0010654	0.0611687
0.025	0.00106945	0.0604319
0.0251	0.00107344	0.0596884
0.0252	0.00107738	0.0589384
0.0253	0.00108127	0.058182
0.0254	0.00108511	0.0574191
0.0255	0.0010889	0.0566499
0.0256	0.00109264	0.0558745
0.0257	0.00109632	0.0550929
0.0258	0.00109996	0.0543052
0.0259	0.00110354	0.0535115
0.026	0.00110706	0.0527119
0.0261	0.00111054	0.0519064
0.0262	0.00111396	0.0510952
0.0263	0.00111732	0.0502783
0.0264	0.00112063	0.0494558
0.0265	0.00112389	0.0486277
0.0266	0.00112709	0.0477942
0.0267	0.00113023	0.0469554
0.0268	0.00113332	0.0461113
0.0269	0.00113635	0.045262
0.027	0.00113933	0.0444076
0.0271	0.00114225	0.0435482
0.0272	0.00114511	0.0426839
0.0273	0.00114791	0.0418147
0.0274	0.00115065	0.0409408
0.0275	0.00115334	0.0400622
0.0276	0.00115596	0.039179
0.0277	0.00115853	0.0382914
0.0278	0.00116104	0.0373993
0.0279	0.00116349	0.036503
0.028	0.00116588	0.0356024
0.0281	0.0011682	0.0346977
0.0282	0.00117047	0.0337889
0.0283	0.00117268	0.0328762
0.0284	0.00117482	0.0319597
0.0285	0.00117691	0.0310393
0.0286	0.00117893	0.0301154
0.0287	0.00118089	0.0291878
0.0288	0.00118279	0.0282567
0.0289	0.00118463	0.0273223
0.029	0.0011864	0.0263845
0.0291	0.00118811	0.0254436
0.0292	0.00118976	0.0244995
0.0293	0.00119135	0.0235525
0.0294	0.00119287	0.0226025
0.0295	0.00119433	0.0216497
0.0296	0.00119573	0.0206941
0.0297	0.00119706	0.019736
0.0298	0.00119832	0.0187753
0.0299	0.00119953	0.0178121
0.03	0.00120067	0.0168466
0.0301	0.00120174	0.0158789
0.0302	0.00120275	0.014909
0.0303	0.0012037	0.013937
0.0304	0.00120458	0.0129631
0.0305	0.00120539	0.0119874
0.0306	0.00120614	0.0110099
0.0307	0.00120683	0.0100307
0.0308	0.00120745	0.00904999
0.0309	0.001208	0.00806779
0.031	0.00120849	0.00708423
0.0311	0.00120891	0.00609941
0.0312	0.00120927	0.00511341
0.0313	0.00120956	0.00412635
0.0314	0.00120979	0.00313832
0.0315	0.00120995	0.00214942
0.0316	0.00121004	0.00115975
0.0317	0.00121007	0.000169407
0.0318	0.00121003	-0.000821508
0.0319	0.00120992	-0.0018129
0.032	0.00120975	-0.00280466
0.0321	0.00120952	-0.00379669
0.0322	0.00120921	-0.0047889
0.0323	0.00120884	-0.00578118
0.0324	0.00120841	-0.00677344
0.0325	0.00120791	-0.00776557
0.0326	0.00120734	-0.00875748
0.0327	0.00120671	-0.00974906
0.0328	0.00120601	-0.0107402
0.0329	0.00120524	-0.0117309
0.033	0.00120441	-0.0127209
0.0331	0.00120351	-0.0137102
0.0332	0.00120255	-0.0146986
0.0333	0.00120152	-0.0156862
0.0334	0.00120042	-0.0166727
0.0335	0.00119926	-0.0176581
0.0336	0.00119804	-0.0186423
0.0337	0.00119674	-0.0196252
0.0338	0.00119539	-0.0206067
0.0339	0.00119396	-0.0215866
0.034	0.00119247	-0.022565
0.0341	0.00119092	-0.0235416
0.0342	0.0011893	-0.0245164
0.0343	0.00118762	-0.0254894
0.0344	0.00118587	-0.0264603
0.0345	0.00118406	-0.0274291
0.0346	0.00118218	-0.0283957
0.0347	0.00118024	-0.02936
0.0348	0.00117823	-0.0303219
0.0349	0.00117616	-0.0312814
0.035	0.00117403	-0.0322382
0.0351	0.00117183	-0.0331924
0.0352	0.00116957	-0.0341438
0.0353	0.00116725	-0.0350923
0.0354	0.00116486	-0.0360379
0.0355	0.00116241	-0.0369804
0.0356	0.0011599	-0.0379197
0.0357	0.00115732	-0.0388558
0.0358	0.00115469	-0.0397886
0.0359	0.00115199	-0.0407179
0.036	0.00114923	-0.0416436
0.0361	0.0011464	-0.0425658
0.0362	0.00114352	-0.0434842
0.0363	0.00114058	-0.0443988
0.0364	0.00113757	-0.0453095
0.0365	0.0011345	-0.0462163
0.0366	0.00113138	-0.0471189
0.0367	0.00112819	-0.0480174
0.0368	0.00112495	-0.0489116
0.0369	0.00112164	-0.0498014
0.037	0.00111828	-0.0506868
0.0371	0.00111485	-0.0515677
0.0372	0.00111137	-0.0524439
0.0373	0.00110783	-0.0533155
0.0374	0.00110423	-0.0541822
0.0375	0.00110058	-0.0550441
0.0376	0.00109686	-0.055901
0.0377	0.00109309	-0.0567528
0.0378	0.00108927	-0.0575995
0.0379	0.00108539	-0.0584409
0.038	0.00108145	-0.0592771
0.0381	0.00107745	-0.0601078
0.0382	0.00107341	-0.0609331
0.0383	0.0010693	-0.0617528
0.0384	0.00106514	-0.0625669
0.0385	0.00106093	-0.0633752
0.0386	0.00105667	-0.0641778
0.0387	0.00105235	-0.0649744
0.0388	0.00104798	-0.0657651
0.0389	0.00104355	-0.0665497
0.039	0.00103908	-0.0673282
0.0391	0.00103455	-0.0681006
0.0392	0.00102997	-0.0688666
0.0393	0.00102534	-0.0696262
0.0394	0.00102066	-0.0703795
0.0395	0.00101593	-0.0711262
0.0396	0.00101115	-0.0718663
0.0397	0.00100633	-0.0725998
0.0398	0.00100145	-0.0733265
0.0399	0.000996525	-0.0740464
0.04	0.000991553	-0.0747595
0.0401	0.000986534	-0.0754656
0.0402	0.000981467	-0.0761647
0.0403	0.000976355	-0.0768567
0.0404	0.000971197	-0.0775415
0.0405	0.000965993	-0.0782191
0.0406	0.000960745	-0.0788894
0.0407	0.000955452	-0.0795523
0.0408	0.000950116	-0.0802078
0.0409	0.000944736	-0.0808558
0.041	0.000939313	-0.0814962
0.0411	0.000933848	-0.082129
0.0412	0.000928342	-0.0827541
0.0413	0.000922794	-0.0833715
0.0414	0.000917205	-0.083981
0.0415	0.000911576	-0.0845827
0.0416	0.000905907	-0.0851764
0.0417	0.000900199	-0.0857621
0.0418	0.000894453	-0.0863398
0.0419	0.000888668	-0.0869094
0.042	0.000882846	-0.0874708
0.0421	0.000876987	-0.0880239
0.0422	0.000871091	-0.0885688
0.0423	0.000865159	-0.0891053
0.0424	0.000859192	-0.0896334
0.0425	0.000853191	-0.0901531
0.0426	0.000847155	-0.0906643
0.0427	0.000841085	-0.091167
0.0428	0.000834983	-0.091661
0.0429	0.000828847	-0.0921464
0.043	0.00082268	-0.0926231
0.0431	0.000816482	-0.093091
0.0432	0.000810253	-0.0935502
0.0433	0.000803993	-0.0940005
0.0434	0.000797704	-0.0944419
0.0435	0.000791386	-0.0948744
0.0436	0.00078504	-0.0952979
0.0437	0.000778666	-0.0957124
0.0438	0.000772265	-0.0961178
0.0439	0.000765837	-0.0965141
0.044	0.000759383	-0.0969013
0.0441	0.000752904	-0.0972793
0.0442	0.0007464	-0.0976481
0.0443	0.000739872	-0.0980077
0.0444	0.000733321	-0.0983579
0.0445	0.000726746	-0.0986989
0.0446	0.00072015	-0.0990304
0.0447	0.000713531	-0.0993526
0.0448	0.000706892	-0.0996654
0.0449	0.000700232	-0.0999686
0.045	0.000693553	-0.100262
0.0451	0.000686855	-0.100547
0.0452	0.000680138	-0.100821
0.0453	0.000673403	-0.101087
0.0454	0.000666651	-0.101342
0.0455	0.000659882	-0.101588
0.0456	0.000653098	-0.101824
0.0457	0.000646298	-0.102051
0.0458	0.000639484	-0.102268
0.0459	0.000632655	-0.102475
0.046	0.000625814	-0.102672
0.0461	0.000618959	-0.10286
0.0462	0.000612093	-0.103038
0.0463	0.000605215	-0.103206
0.0464	0.000598327	-0.103364
0.0465	0.000591428	-0.103513
0.0466	0.00058452	-0.103651
0.0467	0.000577604	-0.10378
0.0468	0.000570679	-0.103899
0.0469	0.000563747	-0.104008
0.047	0.000556808	-0.104107
0.0471	0.000549863	-0.104196
0.0472	0.000542912	-0.104275
0.0473	0.000535957	-0.104345
0.0474	0.000528998	-0.104404
0.0475	0.000522035	-0.104454
0.0476	0.000515069	-0.104493
0.0477	0.000508102	-0.104523
0.0478	0.000501132	-0.104542
0.0479	0.000494162	-0.104552
0.048	0.000487192	-0.104551
0.0481	0.000480222	-0.104541
0.0482	0.000473254	-0.104521
0.0483	0.000466287	-0.104491
0.0484	0.000459323	-0.104451
0.0485	0.000452362	-0.1044
0.0486	0.000445405	-0.10434
0.0487	0.000438453	-0.10427
0.0488	0.000431505	-0.10419
0.0489	0.000424564	-0.104101
0.049	0.000417628	-0.104001
0.0491	0.000410701	-0.103891
0.0492	0.00040378	-0.103772
0.0493	0.000396869	-0.103642
0.0494	0.000389966	-0.103503
0.0495	0.000383073	-0.103354
0.0496	0.000376191	-0.103195
0.0497	0.00036932	-0.103026
0.0498	0.00036246	-0.102847
0.0499	0.000355613	-0.102659
0.05	0.000348779	-0.102461
0.0501	0.000341959	-0.102253
0.0502	0.000335153	-0.102035
0.0503	0.000328362	-0.101807
0.0504	0.000321586	-0.10157
0.0505	0.000314827	-0.101324
0.0506	0.000308085	-0.101067
0.0507	0.000301361	-0.100801
0.0508	0.000294654	-0.100525
0.0509	0.000287967	-0.10024
0.051	0.000281299	-0.0999455
0.0511	0.000274651	-0.0996412
0.0512	0.000268024	-0.0993275
0.0513	0.000261418	-0.0990044
0.0514	0.000254835	-0.0986718
0.0515	0.000248274	-0.0983298
0.0516	0.000241736	-0.0979785
0.0517	0.000235222	-0.0976179
0.0518	0.000228733	-0.097248
0.0519	0.000222269	-0.0968689
0.052	0.00021583	-0.0964805
0.0521	0.000209418	-0.096083
0.0522	0.000203033	-0.0956764
0.0523	0.000196675	-0.0952607
0.0524	0.000190346	-0.0948359
0.0525	0.000184045	-0.0944022
0.0526	0.000177774	-0.0939595
0.0527	0.000171532	-0.0935079
0.0528	0.000165321	-0.0930474
0.0529	0.000159142	-0.092578
0.053	0.000152994	-0.0920999
0.0531	0.000146878	-0.0916131
0.0532	0.000140796	-0.0911176
0.0533	0.000134746	-0.0906135
0.0534	0.000128731	-0.0901008
0.0535	0.00012275	-0.0895795
0.0536	0.000116805	-0.0890498
0.0537	0.000110895	-0.0885117
0.0538	0.000105022	-0.0879651
0.0539	9.91853e-05	-0.0874103
0.054	9.33862e-05	-0.0868472
0.0541	8.7625e-05	-0.0862759
0.0542	8.19023e-05	-0.0856964
0.0543	7.62186e-05	-0.0851089
0.0544	7.05746e-05	-0.0845133
0.0545	6.49706e-05	-0.0839097
0.0546	5.94072e-05	-0.0832983
0.0547	5.3885e-05	-0.0826789
0.0548	4.84045e-05	-0.0820518
0.0549	4.29662e-05	-0.0814169
0.055	3.75706e-05	-0.0807744
0.0551	3.22183e-05	-0.0801243
0.0552	2.69096e-05	-0.0794666
0.0553	2.16452e-05	-0.0788015
0.0554	1.64254e-05	-0.078129
0.0555	1.12509e-05	-0.0774491
0.0556	6.12208e-06	-0.0767619
0.0557	1.03943e-06	-0.0760676
0.0558	-3.99658e-06	-0.0753661
0.0559	-8.98547e-06	-0.0746576
0.056	-1.39268e-05	-0.073942
0.0561	-1.882e-05	-0.0732195
0.0562	-2.36648e-05	-0.0724902
0.0563	-2.84605e-05	-0.0717541
0.0564	-3.32069e-05	-0.0710113
0.0565	-3.79034e-05	-0.0702619
0.0566	-4.25496e-05	-0.0695059
0.0567	-4.71451e-05	-0.0687434
0.0568	-5.16895e-05	-0.0679745
0.0569	-5.61822e-05	-0.0671993
0.057	-6.0623e-05	-0.0664179
0.0571	-6.50114e-05	-0.0656302
0.0572	-6.93469e-05	-0.0648365
0.0573	-7.36292e-05	-0.0640368
0.0574	-7.78579e-05	-0.0632311
0.0575	-8.20326e-05	-0.0624196
0.0576	-8.6153e-05	-0.0616023
0.0577	-9.02185e-05	-0.0607792
0.0578	-9.42289e-05	-0.0599506
0.0579	-9.81838e-05	-0.0591165
0.058	-0.000102083	-0.0582769
0.0581	-0.000105925	-0.0574319
0.0582	-0.000109712	-0.0565817
0.0583	-0.000113441	-0.0557263
0.0584	-0.000117113	-0.0548658
0.0585	-0.000120727	-0.0540002
0.0586	-0.000124283	-0.0531297
0.0587	-0.000127781	-0.0522544
0.0588	-0.000131221	-0.0513743
0.0589	-0.000134602	-0.0504895
0.059	-0.000137923	-0.0496001
0.0591	-0.000141185	-0.0487062
0.0592	-0.000144387	-0.047808
0.0593	-0.000147529	-0.0469054
0.0594	-0.00015061	-0.0459985
0.0595	-0.000153631	-0.0450876
0.0596	-0.000156591	-0.0441726
0.0597	-0.00015949	-0.0432536
0.0598	-0.000162327	-0.0423308
0.0599	-0.000165102	-0.0414042
0.06	-0.000167816	-0.0404739
0.0601	-0.000170467	-0.03954
0.0602	-0.000173056	-0.0386026
0.0603	-0.000175583	-0.0376619
0.0604	-0.000178046	-0.0367178
0.0605	-0.000180446	-0.0357705
0.0606	-0.000182783	-0.0348201
0.0607	-0.000185057	-0.0338666
0.0608	-0.000187267	-0.0329102
0.0609	-0.000189413	-0.031951
0.061	-0.000191494	-0.0309891
0.0611	-0.000193512	-0.0300245
0.0612	-0.000195465	-0.0290574
0.0613	-0.000197354	-0.0280878
0.0614	-0.000199177	-0.0271158
0.0615	-0.000200936	-0.0261416
0.0616	-0.00020263	-0.0251653
0.0617	-0.000204258	-0.0241869
0.0618	-0.000205822	-0.0232065
0.0619	-0.00020732	-0.0222242
0.062	-0.000208752	-0.0212402
0.0621	-0.000210118	-0.0202545
0.0622	-0.000211419	-0.0192673
0.0623	-0.000212654	-0.0182785
0.0624	-0.000213823	-0.0172884
0.0625	-0.000214926	-0.016297
0.0626	-0.000215962	-0.0153044
0.0627	-0.000216933	-0.0143108
0.0628	-0.000217837	-0.0133161
0.0629	-0.000218674	-0.0123206
0.063	-0.000219446	-0.0113243
0.0631	-0.000220151	-0.0103274
0.0632	-0.000220789	-0.00932979
0.0633	-0.000221361	-0.00833175
0.0634	-0.000221866	-0.00733332
0.0635	-0.000222305	-0.0063346
0.0636	-0.000222677	-0.0053357
0.0637	-0.000222983	-0.00433672
0.0638	-0.000223222	-0.00333774
0.0639	-0.000223394	-0.00233888
0.064	-0.0002235	-0.00134024
0.0641	-0.000223539	-0.000341904
0.0642	-0.000223512	0.000656017
0.0643	-0.000223418	0.00165343
0.0644	-0.000223258	0.00265022
0.0645	-0.000223031	0.00364631
0.0646	-0.000222738	0.00464159
0.0647	-0.000222379	0.00563596
0.0648	-0.000221953	0.00662932
0.0649	-0.000221461	0.00762158
0.065	-0.000220903	0.00861262
0.0651	-0.000220279	0.00960237
0.0652	-0.00021959	0.0105907
0.0653	-0.000218834	0.0115775
0.0654	-0.000218013	0.0125628
0.0655	-0.000217126	0.0135463
0.0656	-0.000216173	0.0145281
0.0657	-0.000215156	0.0155079
0.0658	-0.000214073	0.0164858
0.0659	-0.000212925	0.0174615
0.066	-0.000211712	0.0184351
0.0661	-0.000210434	0.0194064
0.0662	-0.000209091	0.0203753
0.0663	-0.000207684	0.0213417
0.0664	-0.000206213	0.0223056
0.0665	-0.000204678	0.0232668
0.0666	-0.000203079	0.0242252
0.0667	-0.000201416	0.0251808
0.0668	-0.000199689	0.0261334
0.0669	-0.000197899	0.0270829
0.067	-0.000196046	0.0280294
0.0671	-0.00019413	0.0289725
0.0672	-0.000192151	0.0299124
0.0673	-0.00019011	0.0308488
0.0674	-0.000188007	0.0317816
0.0675	-0.000185841	0.0327109
0.0676	-0.000183614	0.0336365
0.0677	-0.000181325	0.0345582
0.0678	-0.000178975	0.0354761
0.0679	-0.000176564	0.03639
0.068	-0.000174093	0.0372998
0.0681	-0.00017156	0.0382055
0.0682	-0.000168968	0.0391069
0.0683	-0.000166316	0.0400039
0.0684	-0.000163604	0.0408965
0.0685	-0.000160833	0.0417846
0.0686	-0.000158003	0.0426681
0.0687	-0.000155114	0.0435469
0.0688	-0.000152167	0.0444209
0.0689	-0.000149162	0.04529
0.069	-0.000146099	0.0461541
0.0691	-0.000142979	0.0470133
0.0692	-0.000139802	0.0478672
0.0693	-0.000136568	0.048716
0.0694	-0.000133278	0.0495595
0.0695	-0.000129932	0.0503975
0.0696	-0.000126531	0.0512301
0.0697	-0.000123074	0.0520572
0.0698	-0.000119562	0.0528786
0.0699	-0.000115996	0.0536943
0.07	-0.000112375	0.0545042
0.0701	-0.000108701	0.0553082
0.0702	-0.000104974	0.0561062
0.0703	-0.000101194	0.0568983
0.0704	-9.7361e-05	0.0576842
0.0705	-9.34762e-05	0.0584639
0.0706	-8.95397e-05	0.0592373
0.0707	-8.5552e-05	0.0600044
0.0708	-8.15135e-05	0.060765
0.0709	-7.74245e-05	0.0615192
0.071	-7.32857e-05	0.0622668
0.0711	-6.90973e-05	0.0630077
0.0712	-6.48599e-05	0.0637419
0.0713	-6.05738e-05	0.0644693
0.0714	-5.62397e-05	0.0651898
0.0715	-5.18578e-05	0.0659034
0.0716	-4.74287e-05	0.0666099
0.0717	-4.29529e-05	0.0673094
0.0718	-3.84308e-05	0.0680017
0.0719	-3.38629e-05	0.0686868
0.072	-2.92496e-05	0.0693646
0.0721	-2.45916e-05	0.0700351
0.0722	-1.98893e-05	0.0706981
0.0723	-1.51431e-05	0.0713536
0.0724	-1.03536e-05	0.0720016
0.0725	-5.52128e-06	0.0726419
0.0726	-6.46657e-07	0.0732746
0.0727	4.26975e-06	0.0738995
0.0728	9.22743e-06	0.0745166
0.0729	1.42259e-05	0.0751258
0.073	1.92645e-05	0.0757271
0.0731	2.43428e-05	0.0763204
0.0732	2.94603e-05	0.0769057
0.0733	3.46164e-05	0.0774828
0.0734	3.98105e-05	0.0780518
0.0735	4.50422e-05	0.0786125
0.0736	5.03108e-05	0.079165
0.0737	5.56159e-05	0.0797091
0.0738	6.09568e-05	0.0802449
0.0739	6.6333e-05	0.0807722
0.074	7.17439e-05	0.081291
0.0741	7.7189e-05	0.0818012
0.0742	8.26677e-05	0.0823029
0.0743	8.81794e-05	0.0827959
0.0744	9.37235e-05	0.0832802
0.0745	9.92994e-05	0.0837558
0.0746	0.000104907	0.0842226
0.0747	0.000110545	0.0846805
0.0748	0.000116213	0.0851296
0.0749	0.00012191	0.0855697
0.075	0.000127636	0.0860009
0.0751	0.000133391	0.086423
0.0752	0.000139173	0.0868361
0.0753	0.000144983	0.0872401
0.0754	0.000150819	0.087635
0.0755	0.000156681	0.0880206
0.0756	0.000162568	0.0883971
0.0757	0.000168479	0.0887643
0.0758	0.000174415	0.0891222
0.0759	0.000180374	0.0894708
0.076	0.000186356	0.0898101
0.0761	0.00019236	0.0901399
0.0762	0.000198385	0.0904603
0.0763	0.000204432	0.0907713
0.0764	0.000210498	0.0910728
0.0765	0.000216584	0.0913647
0.0766	0.00022269	0.0916471
0.0767	0.000228813	0.0919199
0.0768	0.000234955	0.0921832
0.0769	0.000241113	0.0924368
0.077	0.000247288	0.0926807
0.0771	0.000253478	0.092915
0.0772	0.000259684	0.0931396
0.0773	0.000265904	0.0933544
0.0774	0.000272138	0.0935595
0.0775	0.000278385	0.0937549
0.0776	0.000284645	0.0939404
0.0777	0.000290917	0.0941162
0.0778	0.000297199	0.0942821
0.0779	0.000303493	0.0944382
0.078	0.000309796	0.0945845
0.0781	0.000316109	0.0947209
0.0782	0.00032243	0.0948474
0.0783	0.000328759	0.094964
0.0784	0.000335095	0.0950707
0.0785	0.000341438	0.0951675
0.0786	0.000347787	0.0952544
0.0787	0.000354141	0.0953313
0.0788	0.0003605	0.0953984
0.0789	0.000366863	0.0954554
0.079	0.000373229	0.0955025
0.0791	0.000379598	0.0955397
0.0792	0.000385969	0.0955669
0.0793	0.000392341	0.0955842
0.0794	0.000398714	0.0955915
0.0795	0.000405086	0.0955888
0.0796	0.000411458	0.0955761
0.0797	0.000417829	0.0955536
0.0798	0.000424198	0.095521
0.0799	0.000430564	0.0954785
0.08	0.000436926	0.095426
0.0801	0.000443285	0.0953636
0.0802	0.000449639	0.0952913
0.0803	0.000455988	0.0952091
0.0804	0.000462331	0.0951169
0.0805	0.000468667	0.0950148
0.0806	0.000474995	0.0949028
0.0807	0.000481316	0.0947809
0.0808	0.000487628	0.0946491
0.0809	0.000493931	0.0945075
0.081	0.000500224	0.094356
0.0811	0.000506507	0.0941947
0.0812	0.000512778	0.0940236
0.0813	0.000519037	0.0938426
0.0814	0.000525284	0.0936519
0.0815	0.000531517	0.0934515
0.0816	0.000537737	0.0932413
0.0817	0.000543942	0.0930213
0.0818	0.000550132	0.0927917
0.0819	0.000556306	0.0925524
0.082	0.000562464	0.0923034
0.0821	0.000568604	0.0920448
0.0822	0.000574727	0.0917766
0.0823	0.000580832	0.0914989
0.0824	0.000586917	0.0912116
0.0825	0.000592983	0.0909148
0.0826	0.000599029	0.0906085
0.0827	0.000605054	0.0902927
0.0828	0.000611057	0.0899675
0.0829	0.000617038	0.0896329
0.083	0.000622997	0.089289
0.0831	0.000628932	0.0889358
0.0832	0.000634842	0.0885732
0.0833	0.000640729	0.0882014
0.0834	0.00064659	0.0878204
0.0835	0.000652425	0.0874303
0.0836	0.000658234	0.087031
0.0837	0.000664015	0.0866226
0.0838	0.000669769	0.0862051
0.0839	0.000675495	0.0857786
0.084	0.000681192	0.0853432
0.0841	0.000686859	0.0848988
0.0842	0.000692496	0.0844456
0.0843	0.000698103	0.0839835
0.0844	0.000703678	0.0835127
0.0845	0.000709222	0.0830331
0.0846	0.000714733	0.0825448
0.0847	0.000720211	0.0820478
0.0848	0.000725655	0.0815423
0.0849	0.000731066	0.0810282
0.085	0.000736441	0.0805057
0.0851	0.000741782	0.0799747
0.0852	0.000747087	0.0794353
0.0853	0.000752355	0.0788876
0.0854	0.000757586	0.0783316
0.0855	0.00076278	0.0777673
0.0856	0.000767936	0.077195
0.0857	0.000773053	0.0766145
0.0858	0.000778131	0.076026
0.0859	0.00078317	0.0754294
0.086	0.000788168	0.074825
0.0861	0.000793126	0.0742127
0.0862	0.000798042	0.0735926
0.0863	0.000802917	0.0729647
0.0864	0.000807749	0.0723292
0.0865	0.000812539	0.071686
0.0866	0.000817285	0.0710353
0.0867	0.000821988	0.0703771
0.0868	0.000826647	0.0697115
0.0869	0.00083126	0.0690385
0.087	0.000835829	0.0683582
0.0871	0.000840351	0.0676707
0.0872	0.000844828	0.0669761
0.0873	0.000849258	0.0662744
0.0874	0.000853641	0.0655657
0.0875	0.000857976	0.06485
0.0876	0.000862263	0.0641275
0.0877	0.000866502	0.0633982
0.0878	0.000870691	0.0626621
0.0879	0.000874831	0.0619195
0.088	0.000878922	0.0611702
0.0881	0.000882962	0.0604145
0.0882	0.000886951	0.0596523
0.0883	0.00089089	0.0588838
0.0884	0.000894776	0.058109
0.0885	0.000898611	0.057328
0.0886	0.000902394	0.0565409
0.0887	0.000906123	0.0557478
0.0888	0.0009098	0.0549487
0.0889	0.000913422	0.0541438
0.089	0.000916991	0.053333
0.0891	0.000920506	0.0525166
0.0892	0.000923966	0.0516945
0.0893	0.000927371	0.0508669
0.0894	0.00093072	0.0500338
0.0895	0.000934014	0.0491953
0.0896	0.000937251	0.0483516
0.0897	0.000940432	0.0475026
0.0898	0.000943556	0.0466485
0.0899	0.000946623	0.0457894
0.09	0.000949632	0.0449253
0.0901	0.000952583	0.0440563
0.0902	0.000955477	0.0431826
0.0903	0.000958311	0.0423041
0.0904	0.000961087	0.0414211
0.0905	0.000963804	0.0405335
0.0906	0.000966462	0.0396416
0.0907	0.000969059	0.0387452
0.0908	0.000971597	0.0378447
0.0909	0.000974075	0.03694
0.091	0.000976492	0.0360312
0.0911	0.000978848	0.0351184
0.0912	0.000981143	0.0342018
0.0913	0.000983377	0.0332813
0.0914	0.00098555	0.0323572
0.0915	0.00098766	0.0314294
0.0916	0.000989709	0.0304982
0.0917	0.000991695	0.0295635
0.0918	0.000993619	0.0286255
0.0919	0.00099548	0.0276842
0.092	0.000997278	0.0267398
0.0921	0.000999013	0.0257924
0.0922	0.00100069	0.024842
0.0923	0.00100229	0.0238888
0.0924	0.00100384	0.0229328
0.0925	0.00100532	0.0219742
0.0926	0.00100674	0.021013
0.0927	0.00100809	0.0200493
0.0928	0.00100938	0.0190832
0.0929	0.0010106	0.0181149
0.093	0.00101176	0.0171444
0.0931	0.00101285	0.0161718
0.0932	0.00101388	0.0151972
0.0933	0.00101485	0.0142207
0.0934	0.00101575	0.0132425
0.0935	0.00101658	0.0122625
0.0936	0.00101735	0.011281
0.0937	0.00101805	0.010298
0.0938	0.00101869	0.00931356
0.0939	0.00101926	0.00832783
0.094	0.00101976	0.00734091
0.0941	0.0010202	0.00635289
0.0942	0.00102058	0.00536387
0.0943	0.00102089	0.00437395
0.0944	0.00102113	0.00338323
0.0945	0.0010213	0.00239181
0.0946	0.00102141	0.00139978
0.0947	0.00102146	0.00040725
0.0948	0.00102143	-0.000585684
0.0949	0.00102134	-0.00157892
0.095	0.00102119	-0.00257237
0.0951	0.00102097	-0.00356592
0.0952	0.00102068	-0.00455947
0.0953	0.00102033	-0.00555293
0.0954	0.00101991	-0.0065462
0.0955	0.00101942	-0.00753917
0.0956	0.00101887	-0.00853175
0.0957	0.00101825	-0.00952384
0.0958	0.00101756	-0.0105153
0.0959	0.00101681	-0.0115061
0.096	0.001016	-0.0124962
0.0961	0.00101511	-0.0134853
0.0962	0.00101417	-0.0144734
0.0963	0.00101315	-0.0154605
0.0964	0.00101207	-0.0164463
0.0965	0.00101093	-0.0174309
0.0966	0.00100971	-0.0184141
0.0967	0.00100844	-0.0193958
0.0968	0.00100709	-0.020376
0.0969	0.00100569	-0.0213544
0.097	0.00100421	-0.0223311
0.0971	0.00100268	-0.0233059
0.0972	0.00100107	-0.0242787
0.0973	0.000999407	-0.0252495
0.0974	0.000997675	-0.026218
0.0975	0.000995878	-0.0271844
0.0976	0.000994018	-0.0281483
0.0977	0.000992093	-0.0291098
0.0978	0.000990104	-0.0300688
0.0979	0.000988051	-0.0310251
0.098	0.000985935	-0.0319786
0.0981	0.000983755	-0.0329293
0.0982	0.000981513	-0.0338771
0.0983	0.000979207	-0.0348218
0.0984	0.000976838	-0.0357634
0.0985	0.000974406	-0.0367018
0.0986	0.000971913	-0.0376369
0.0987	0.000969357	-0.0385685
0.0988	0.000966739	-0.0394967
0.0989	0.000964059	-0.0404212
0.099	0.000961318	-0.0413421
0.0991	0.000958516	-0.0422592
0.0992	0.000955653	-0.0431724
0.0993	0.000952729	-0.0440817
0.0994	0.000949745	-0.0449869
0.0995	0.0009467	-0.0458879
0.0996	0.000943596	-0.0467847
0.0997	0.000940432	-0.0476772
0.0998	0.000937209	-0.0485653
0.0999	0.000933927	-0.0494488
0.1	0.000930586	-0.0503278
0.1001	0.000927187	-0.0512021
0.1002	0.00092373	-0.0520716
0.1003	0.000920215	-0.0529362
0.1004	0.000916643	-0.053796
0.1005	0.000913014	-0.0546506
0.1006	0.000909328	-0.0555002
0.1007	0.000905585	-0.0563446
0.1008	0.000901787	-0.0571837
0.1009	0.000897932	-0.0580174
0.101	0.000894023	-0.0588456
0.1011	0.000890059	-0.0596683
0.1012	0.00088604	-0.0604855
0.1013	0.000881967	-0.0612969
0.1014	0.00087784	-0.0621025
0.1015	0.000873659	-0.0629022
0.1016	0.000869426	-0.063696
0.1017	0.00086514	-0.0644838
0.1018	0.000860802	-0.0652655
0.1019	0.000856412	-0.066041
0.102	0.00085197	-0.0668103
0.1021	0.000847478	-0.0675732
0.1022	0.000842935	-0.0683297
0.1023	0.000838342	-0.0690797
0.1024	0.000833699	-0.0698232
0.1025	0.000829007	-0.07056
0.1026	0.000824267	-0.0712901
0.1027	0.000819477	-0.0720134
0.1028	0.000814641	-0.0727299
0.1029	0.000809756	-0.0734394
0.103	0.000804825	-0.074142
0.1031	0.000799847	-0.0748374
0.1032	0.000794823	-0.0755257
0.1033	0.000789754	-0.0762069
0.1034	0.00078464	-0.0768807
0.1035	0.000779481	-0.0775472
0.1036	0.000774278	-0.0782063
0.1037	0.000769031	-0.0788579
0.1038	0.000763742	-0.0795019
0.1039	0.00075841	-0.0801384
0.104	0.000753035	-0.0807671
0.1041	0.00074762	-0.0813882
0.1042	0.000742163	-0.0820014
0.1043	0.000736666	-0.0826068
0.1044	0.000731129	-0.0832043
0.1045	0.000725552	-0.0837937
0.1046	0.000719936	-0.0843752
0.1047	0.000714283	-0.0849485
0.1048	0.000708591	-0.0855137
0.1049	0.000702862	-0.0860707
0.105	0.000697096	-0.0866194
0.1051	0.000691294	-0.0871598
0.1052	0.000685457	-0.0876918
0.1053	0.000679585	-0.0882154
0.1054	0.000673678	-0.0887305
0.1055	0.000667737	-0.089237
0.1056	0.000661763	-0.089735
0.1057	0.000655756	-0.0902244
0.1058	0.000649716	-0.090705
0.1059	0.000643646	-0.0911769
0.106	0.000637544	-0.0916401
0.1061	0.000631412	-0.0920944
0.1062	0.00062525	-0.0925398
0.1063	0.000619058	-0.0929763
0.1064	0.000612838	-0.0934039
0.1065	0.00060659	-0.0938225
0.1066	0.000600315	-0.094232
0.1067	0.000594012	-0.0946324
0.1068	0.000587684	-0.0950237
0.1069	0.00058133	-0.0954058
0.107	0.000574951	-0.0957787
0.1071	0.000568547	-0.0961424
0.1072	0.00056212	-0.0964968
0.1073	0.000555669	-0.0968419
0.1074	0.000549196	-0.0971776
0.1075	0.000542701	-0.097504
0.1076	0.000536185	-0.0978209
0.1077	0.000529648	-0.0981284
0.1078	0.000523091	-0.0984264
0.1079	0.000516515	-0.0987149
0.108	0.00050992	-0.0989938
0.1081	0.000503306	-0.0992632
0.1082	0.000496676	-0.099523
0.1083	0.000490028	-0.0997731
0.1084	0.000483365	-0.100014
0.1085	0.000476685	-0.100245
0.1086	0.000469991	-0.100466
0.1087	0.000463283	-0.100677
0.1088	0.000456561	-0.100879
0.1089	0.000449826	-0.101071
0.109	0.000443079	-0.101253
0.1091	0.00043632	-0.101425
0.1092	0.00042955	-0.101588
0.1093	0.000422769	-0.101741
0.1094	0.000415979	-0.101884
0.1095	0.00040918	-0.102017
0.1096	0.000402373	-0.10214
0.1097	0.000395558	-0.102253
0.1098	0.000388736	-0.102356
0.1099	0.000381907	-0.10245
0.11	0.000375073	-0.102533
0.1101	0.000368234	-0.102607
0.1102	0.00036139	-0.102671
0.1103	0.000354543	-0.102724
0.1104	0.000347692	-0.102768
0.1105	0.000340839	-0.102802
0.1106	0.000333984	-0.102826
0.1107	0.000327128	-0.10284
0.1108	0.000320272	-0.102844
0.1109	0.000313416	-0.102838
0.111	0.000306561	-0.102822
0.1111	0.000299707	-0.102796
0.1112	0.000292856	-0.10276
0.1113	0.000286007	-0.102715
0.1114	0.000279163	-0.102659
0.1115	0.000272322	-0.102593
0.1116	0.000265486	-0.102518
0.1117	0.000258656	-0.102432
0.1118	0.000251832	-0.102337
0.1119	0.000245014	-0.102231
0.112	0.000238205	-0.102116
0.1121	0.000231403	-0.101991
0.1122	0.000224611	-0.101856
0.1123	0.000217827	-0.101711
0.1124	0.000211054	-0.101556
0.1125	0.000204292	-0.101391
0.1126	0.000197541	-0.101217
0.1127	0.000190803	-0.101033
0.1128	0.000184077	-0.100839
0.1129	0.000177364	-0.100635
0.113	0.000170666	-0.100422
0.1131	0.000163982	-0.100199
0.1132	0.000157314	-0.0999656
0.1133	0.000150662	-0.099723
0.1134	0.000144026	-0.0994708
0.1135	0.000137408	-0.099209
0.1136	0.000130808	-0.0989375
0.1137	0.000124226	-0.0986565
0.1138	0.000117663	-0.0983659
0.1139	0.00011112	-0.0980658
0.114	0.000104598	-0.0977562
0.1141	9.8097e-05	-0.0974372
0.1142	9.16176e-05	-0.0971087
0.1143	8.51606e-05	-0.0967709
0.1144	7.87266e-05	-0.0964237
0.1145	7.23161e-05	-0.0960672
0.1146	6.593e-05	-0.0957013
0.1147	5.95686e-05	-0.0953263
0.1148	5.32328e-05	-0.094942
0.1149	4.6923e-05	-0.0945485
0.115	4.06399e-05	-0.0941459
0.1151	3.43841e-05	-0.0937342
0.1152	2.81562e-05	-0.0933134
0.1153	2.19568e-05	-0.0928837
0.1154	1.57865e-05	-0.0924449
0.1155	9.64595e-06	-0.0919972
0.1156	3.53566e-06	-0.0915407
0.1157	-2.54376e-06	-0.0910753
0.1158	-8.5917e-06	-0.0906011
0.1159	-1.46076e-05	-0.0901182
0.116	-2.05909e-05	-0.0896265
0.1161	-2.65409e-05	-0.0891262
0.1162	-3.24572e-05	-0.0886174
0.1163	-3.83391e-05	-0.0880999
0.1164	-4.41861e-05	-0.087574
0.1165	-4.99976e-05	-0.0870397
0.1166	-5.5773e-05	-0.0864969
0.1167	-6.15119e-05	-0.0859458
0.1168	-6.72136e-05	-0.0853864
0.1169	-7.28776e-05	-0.0848189
0.117	-7.85033e-05	-0.0842431
0.1171	-8.40903e-05	-0.0836592
0.1172	-8.96379e-05	-0.0830673
0.1173	-9.51457e-05	-0.0824674
0.1174	-0.000100613	-0.0818595
0.1175	-0.000106039	-0.0812438
0.1176	-0.000111425	-0.0806202
0.1177	-0.000116768	-0.0799889
0.1178	-0.000122068	-0.0793499
0.1179	-0.000127326	-0.0787033
0.118	-0.00013254	-0.0780491
0.1181	-0.00013771	-0.0773875
0.1182	-0.000142836	-0.0767184
0.1183	-0.000147916	-0.0760419
0.1184	-0.000152951	-0.0753582
0.1185	-0.000157941	-0.0746672
0.1186	-0.000162883	-0.0739691
0.1187	-0.000167779	-0.0732639
0.1188	-0.000172628	-0.0725516
0.1189	-0.000177429	-0.0718324
0.119	-0.000182181	-0.0711064
0.1191	-0.000186885	-0.0703735
0.1192	-0.000191539	-0.0696339
0.1193	-0.000196144	-0.0688877
0.1194	-0.000200699	-0.0681349
0.1195	-0.000205203	-0.0673755
0.1196	-0.000209656	-0.0666098
0.1197	-0.000214058	-0.0658377
0.1198	-0.000218409	-0.0650593
0.1199	-0.000222706	-0.0642747
0.12	-0.000226952	-0.063484
0.1201	-0.000231144	-0.0626872
0.1202	-0.000235283	-0.0618845
0.1203	-0.000239368	-0.0610759
0.1204	-0.000243399	-0.0602615
0.1205	-0.000247375	-0.0594414
0.1206	-0.000251297	-0.0586156
0.1207	-0.000255163	-0.0577843
0.1208	-0.000258973	-0.0569475
0.1209	-0.000262727	-0.0561053
0.121	-0.000266425	-0.0552579
0.1211	-0.000270066	-0.0544052
0.1212	-0.00027365	-0.0535473
0.1213	-0.000277177	-0.0526844
0.1214	-0.000280645	-0.0518166
0.1215	-0.000284056	-0.0509438
0.1216	-0.000287408	-0.0500663
0.1217	-0.000290702	-0.0491841
0.1218	-0.000293936	-0.0482972
0.1219	-0.000297111	-0.0474058
0.122	-0.000300227	-0.04651
0.1221	-0.000303282	-0.0456099
0.1222	-0.000306278	-0.0447054
0.1223	-0.000309212	-0.0437969
0.1224	-0.000312086	-0.0428842
0.1225	-0.000314899	-0.0419675
0.1226	-0.000317651	-0.041047
0.1227	-0.000320341	-0.0401226
0.1228	-0.000322969	-0.0391946
0.1229	-0.000325535	-0.0382629
0.123	-0.000328039	-0.0373277
0.1231	-0.000330481	-0.036389
0.1232	-0.000332859	-0.0354471
0.1233	-0.000335175	-0.0345018
0.1234	-0.000337428	-0.0335535
0.1235	-0.000339617	-0.032602
0.1236	-0.000341742	-0.0316476
0.1237	-0.000343804	-0.0306904
0.1238	-0.000345802	-0.0297303
0.1239	-0.000347736	-0.0287676
0.124	-0.000349605	-0.0278024
0.1241	-0.00035141	-0.0268346
0.1242	-0.00035315	-0.0258644
0.1243	-0.000354826	-0.024892
0.1244	-0.000356436	-0.0239174
0.1245	-0.000357982	-0.0229407
0.1246	-0.000359462	-0.0219619
0.1247	-0.000360877	-0.0209813
0.1248	-0.000362227	-0.0199989
0.1249	-0.00036351	-0.0190148
0.125	-0.000364729	-0.018029
0.1251	-0.000365881	-0.0170418
0.1252	-0.000366967	-0.0160532
0.1253	-0.000367988	-0.0150632
0.1254	-0.000368942	-0.014072
0.1255	-0.000369831	-0.0130798
0.1256	-0.000370653	-0.0120865
0.1257	-0.000371409	-0.0110923
0.1258	-0.000372098	-0.0100973
0.1259	-0.000372721	-0.00910152
0.126	-0.000373278	-0.00810517
0.1261	-0.000373768	-0.00710831
0.1262	-0.000374192	-0.00611103
0.1263	-0.00037455	-0.00511343
0.1264	-0.00037484	-0.00411561
0.1265	-0.000375065	-0.00311768
0.1266	-0.000375222	-0.00211972
0.1267	-0.000375314	-0.00112185
0.1268	-0.000375338	-0.000124162
0.1269	-0.000375296	0.000873249
0.127	-0.000375188	0.00187028
0.1271	-0.000375013	0.00286683
0.1272	-0.000374772	0.00386281
0.1273	-0.000374465	0.0048581
0.1274	-0.000374091	0.00585262
0.1275	-0.000373651	0.00684626
0.1276	-0.000373145	0.00783893
0.1277	-0.000372572	0.00883052
0.1278	-0.000371934	0.00982093
0.1279	-0.000371229	0.0108101
0.128	-0.000370459	0.0117978
0.1281	-0.000369623	0.0127842
0.1282	-0.000368721	0.0137689
0.1283	-0.000367754	0.014752
0.1284	-0.000366721	0.0157333
0.1285	-0.000365623	0.0167127
0.1286	-0.00036446	0.0176902
0.1287	-0.000363232	0.0186656
0.1288	-0.000361938	0.0196389
0.1289	-0.00036058	0.0206099
0.129	-0.000359158	0.0215785
0.1291	-0.000357671	0.0225447
0.1292	-0.000356119	0.0235084
0.1293	-0.000354504	0.0244695
0.1294	-0.000352824	0.0254278
0.1295	-0.000351081	0.0263832
0.1296	-0.000349274	0.0273358
0.1297	-0.000347404	0.0282853
0.1298	-0.000345471	0.0292317
0.1299	-0.000343475	0.0301749
0.13	-0.000341416	0.0311148
0.1301	-0.000339295	0.0320513
0.1302	-0.000337111	0.0329843
0.1303	-0.000334865	0.0339137
0.1304	-0.000332558	0.0348395
0.1305	-0.000330189	0.0357614
0.1306	-0.000327759	0.0366796
0.1307	-0.000325268	0.0375937
0.1308	-0.000322716	0.0385038
0.1309	-0.000320103	0.0394098
0.131	-0.00031743	0.0403116
0.1311	-0.000314698	0.041209
0.1312	-0.000311906	0.042102
0.1313	-0.000309054	0.0429906
0.1314	-0.000306144	0.0438745
0.1315	-0.000303175	0.0447538
0.1316	-0.000300147	0.0456284
0.1317	-0.000297062	0.046498
0.1318	-0.000293918	0.0473628
0.1319	-0.000290718	0.0482225
0.132	-0.00028746	0.0490771
0.1321	-0.000284145	0.0499266
0.1322	-0.000280774	0.0507707
0.1323	-0.000277348	0.0516095
0.1324	-0.000273865	0.0524429
0.1325	-0.000270327	0.0532707
0.1326	-0.000266735	0.0540929
0.1327	-0.000263087	0.0549095
0.1328	-0.000259386	0.0557202
0.1329	-0.000255631	0.0565251
0.133	-0.000251822	0.0573241
0.1331	-0.000247961	0.0581171
0.1332	-0.000244047	0.0589039
0.1333	-0.000240081	0.0596846
0.1334	-0.000236063	0.0604591
0.1335	-0.000231993	0.0612272
0.1336	-0.000227873	0.0619889
0.1337	-0.000223703	0.0627442
0.1338	-0.000219482	0.0634929
0.1339	-0.000215212	0.0642349
0.134	-0.000210893	0.0649703
0.1341	-0.000206525	0.0656989
0.1342	-0.000202109	0.0664206
0.1343	-0.000197645	0.0671354
0.1344	-0.000193133	0.0678432
0.1345	-0.000188575	0.068544
0.1346	-0.000183971	0.0692376
0.1347	-0.00017932	0.069924
0.1348	-0.000174625	0.0706032
0.1349	-0.000169884	0.071275
0.135	-0.000165099	0.0719394
0.1351	-0.00016027	0.0725964
0.1352	-0.000155397	0.0732458
0.1353	-0.000150482	0.0738876
0.1354	-0.000145524	0.0745217
0.1355	-0.000140525	0.0751481
0.1356	-0.000135484	0.0757668
0.1357	-0.000130402	0.0763775
0.1358	-0.00012528	0.0769804
0.1359	-0.000120118	0.0775753
0.136	-0.000114916	0.0781621
0.1361	-0.000109677	0.0787409
0.1362	-0.000104398	0.0793115
0.1363	-9.90827e-05	0.0798739
0.1364	-9.37299e-05	0.080428
0.1365	-8.83405e-05	0.0809739
0.1366	-8.29152e-05	0.0815113
0.1367	-7.74545e-05	0.0820403
0.1368	-7.1959e-05	0.0825609
0.1369	-6.64291e-05	0.0830729
0.137	-6.08656e-05	0.0835764
0.1371	-5.52689e-05	0.0840712
0.1372	-4.96397e-05	0.0845573
0.1373	-4.39785e-05	0.0850347
0.1374	-3.82859e-05	0.0855033
0.1375	-3.25625e-05	0.0859631
0.1376	-2.6809e-05	0.0864141
0.1377	-2.10258e-05	0.0868561
0.1378	-1.52135e-05	0.0872891
0.1379	-9.3729e-06	0.0877132
0.138	-3.50444e-06	0.0881282
0.1381	2.39123e-06	0.0885342
0.1382	8.3135e-06	0.088931
0.1383	1.42618e-05	0.0893186
0.1384	2.02354e-05	0.0896971
0.1385	2.62338e-05	0.0900663
0.1386	3.22564e-05	0.0904262
0.1387	3.83025e-05	0.0907768
0.1388	4.43715e-05	0.0911181
0.1389	5.04628e-05	0.09145
0.139	5.65757e-05	0.0917724
0.1391	6.27096e-05	0.0920855
0.1392	6.8864e-05	0.092389
0.1393	7.50381e-05	0.0926831
0.1394	8.12313e-05	0.0929676
0.1395	8.7443e-05	0.0932425
0.1396	9.36726e-05	0.0935078
0.1397	9.99194e-05	0.0937636
0.1398	0.000106183	0.0940096
0.1399	0.000112462	0.094246
0.14	0.000118756	0.0944728
0.1401	0.000125066	0.0946898
0.1402	0.000131389	0.094897
0.1403	0.000137725	0.0950945
0.1404	0.000144074	0.0952823
0.1405	0.000150436	0.0954602
0.1406	0.000156808	0.0956283
0.1407	0.000163191	0.0957866
0.1408	0.000169585	0.0959351
0.1409	0.000175987	0.0960737
0.141	0.000182399	0.0962024
0.1411	0.000188818	0.0963212
0.1412	0.000195245	0.0964302
0.1413	0.000201679	0.0965292
0.1414	0.000208119	0.0966183
0.1415	0.000214564	0.0966975
0.1416	0.000221014	0.0967667
0.1417	0.000227468	0.096826
0.1418	0.000233926	0.0968754
0.1419	0.000240386	0.0969148
0.142	0.000246849	0.0969442
0.1421	0.000253313	0.0969637
0.1422	0.000259778	0.0969732
0.1423	0.000266243	0.0969728
0.1424	0.000272707	0.0969624
0.1425	0.00027917	0.0969421
0.1426	0.000285632	0.0969118
0.1427	0.000292091	0.0968715
0.1428	0.000298546	0.0968213
0.1429	0.000304998	0.0967611
0.143	0.000311445	0.096691
0.1431	0.000317887	0.096611
0.1432	0.000324324	0.0965211
0.1433	0.000330753	0.0964212
0.1434	0.000337176	0.0963114
0.1435	0.000343591	0.0961918
0.1436	0.000349997	0.0960622
0.1437	0.000356395	0.0959228
0.1438	0.000362782	0.0957735
0.1439	0.000369159	0.0956144
0.144	0.000375525	0.0954455
0.1441	0.000381879	0.0952668
0.1442	0.000388221	0.0950783
0.1443	0.000394549	0.09488
0.1444	0.000400864	0.094672
0.1445	0.000407165	0.0944542
0.1446	0.000413451	0.0942267
0.1447	0.000419721	0.0939896
0.1448	0.000425974	0.0937428
0.1449	0.000432211	0.0934864
0.145	0.00043843	0.0932203
0.1451	0.000444631	0.0929447
0.1452	0.000450813	0.0926595
0.1453	0.000456976	0.0923648
0.1454	0.000463118	0.0920606
0.1455	0.00046924	0.0917469
0.1456	0.00047534	0.0914238
0.1457	0.000481418	0.0910913
0.1458	0.000487474	0.0907495
0.1459	0.000493506	0.0903983
0.146	0.000499515	0.0900378
0.1461	0.000505499	0.089668
0.1462	0.000511458	0.0892891
0.1463	0.000517391	0.0889009
0.1464	0.000523298	0.0885036
0.1465	0.000529178	0.0880972
0.1466	0.00053503	0.0876817
0.1467	0.000540854	0.0872572
0.1468	0.00054665	0.0868237
0.1469	0.000552416	0.0863813
0.147	0.000558152	0.08593
0.1471	0.000563858	0.0854698
0.1472	0.000569532	0.0850008
0.1473	0.000575175	0.0845231
0.1474	0.000580786	0.0840367
0.1475	0.000586363	0.0835416
0.1476	0.000591907	0.0830379
0.1477	0.000597418	0.0825256
0.1478	0.000602893	0.0820049
0.1479	0.000608334	0.0814757
0.148	0.000613739	0.080938
0.1481	0.000619107	0.0803921
0.1482	0.000624439	0.0798378
0.1483	0.000629733	0.0792753
0.1484	0.00063499	0.0787047
0.1485	0.000640208	0.0781259
0.1486	0.000645387	0.077539
0.1487	0.000650526	0.0769441
0.1488	0.000655625	0.0763413
0.1489	0.000660684	0.0757306
0.149	0.000665702	0.0751121
0.1491	0.000670678	0.0744858
0.1492	0.000675612	0.0738518
0.1493	0.000680503	0.0732101
0.1494	0.000685351	0.0725609
0.1495	0.000690156	0.0719042
0.1496	0.000694916	0.0712401
0.1497	0.000699632	0.0705686
0.1498	0.000704302	0.0698897
0.1499	0.000708927	0.0692037
0.15	0.000713506	0.0685104
0.1501	0.000718038	0.0678101
0.1502	0.000722524	0.0671027
0.1503	0.000726961	0.0663884
0.1504	0.000731351	0.0656671
0.1505	0.000735692	0.0649391
0.1506	0.000739985	0.0642043
0.1507	0.000744228	0.0634628
0.1508	0.000748421	0.0627148
0.1509	0.000752564	0.0619602
0.151	0.000756657	0.0611992
0.1511	0.000760698	0.0604318
0.1512	0.000764688	0.0596582
0.1513	0.000768627	0.0588783
0.1514	0.000772512	0.0580922
0.1515	0.000776345	0.0573002
0.1516	0.000780125	0.0565021
0.1517	0.000783852	0.0556981
0.1518	0.000787525	0.0548884
0.1519	0.000791143	0.0540729
0.152	0.000794706	0.0532517
0.1521	0.000798215	0.052425
0.1522	0.000801668	0.0515927
0.1523	0.000805066	0.0507551
0.1524	0.000808407	0.0499121
0.1525	0.000811692	0.0490639
0.1526	0.00081492	0.0482106
0.1527	0.000818091	0.0473522
0.1528	0.000821205	0.0464888
0.1529	0.000824261	0.0456205
0.153	0.000827258	0.0447474
0.1531	0.000830197	0.0438696
0.1532	0.000833078	0.0429872
0.1533	0.000835899	0.0421002
0.1534	0.000838661	0.0412087
0.1535	0.000841363	0.0403129
0.1536	0.000844006	0.0394128
0.1537	0.000846588	0.0385086
0.1538	0.000849109	0.0376002
0.1539	0.00085157	0.0366878
0.154	0.00085397	0.0357715
0.1541	0.000856309	0.0348514
0.1542	0.000858586	0.0339276
0.1543	0.000860801	0.0330001
0.1544	0.000862954	0.0320691
0.1545	0.000865045	0.0311347
0.1546	0.000867074	0.0301968
0.1547	0.00086904	0.0292558
0.1548	0.000870943	0.0283115
0.1549	0.000872783	0.0273642
0.155	0.000874559	0.0264139
0.1551	0.000876272	0.0254607
0.1552	0.000877922	0.0245047
0.1553	0.000879507	0.0235461
0.1554	0.000881029	0.0225848
0.1555	0.000882486	0.0216211
0.1556	0.000883879	0.0206549
0.1557	0.000885207	0.0196864
0.1558	0.000886471	0.0187158
0.1559	0.00088767	0.017743
0.156	0.000888804	0.0167682
0.1561	0.000889873	0.0157914
0.1562	0.000890877	0.0148129
0.1563	0.000891815	0.0138326
0.1564	0.000892688	0.0128507
0.1565	0.000893495	0.0118673
0.1566	0.000894237	0.0108825
0.1567	0.000894913	0.00989633
0.1568	0.000895523	0.00890894
0.1569	0.000896067	0.00792041
0.157	0.000896546	0.00693086
0.1571	0.000896958	0.00594037
0.1572	0.000897304	0.00494905
0.1573	0.000897584	0.003957
0.1574	0.000897798	0.00296431
0.1575	0.000897946	0.00197109
0.1576	0.000898028	0.000977434
0.1577	0.000898043	-1.65582e-05
0.1578	0.000897992	-0.00101079
0.1579	0.000897875	-0.00200515
0.158	0.000897691	-0.00299955
0.1581	0.000897441	-0.00399389
0.1582	0.000897125	-0.00498807
0.1583	0.000896742	-0.00598198
0.1584	0.000896294	-0.00697553
0.1585	0.000895779	-0.00796863
0.1586	0.000895198	-0.00896116
0.1587	0.000894551	-0.00995303
0.1588	0.000893837	-0.0109441
0.1589	0.000893058	-0.0119344
0.159	0.000892213	-0.0129237
0.1591	0.000891301	-0.0139119
0.1592	0.000890324	-0.014899
0.1593	0.000889282	-0.0158848
0.1594	0.000888173	-0.0168693
0.1595	0.000886999	-0.0178523
0.1596	0.00088576	-0.0188338
0.1597	0.000884455	-0.0198136
0.1598	0.000883085	-0.0207917
0.1599	0.00088165	-0.0217679
0.16	0.00088015	-0.0227422
0.1601	0.000878585	-0.0237145
0.1602	0.000876955	-0.0246846
0.1603	0.000875261	-0.0256525
0.1604	0.000873502	-0.026618
0.1605	0.000871679	-0.0275811
0.1606	0.000869792	-0.0285417
0.1607	0.000867841	-0.0294997
0.1608	0.000865827	-0.030455
0.1609	0.000863748	-0.0314074
0.161	0.000861607	-0.0323569
0.1611	0.000859402	-0.0333035
0.1612	0.000857135	-0.0342469
0.1613	0.000854804	-0.0351871
0.1614	0.000852411	-0.0361241
0.1615	0.000849956	-0.0370577
0.1616	0.000847439	-0.0379878
0.1617	0.00084486	-0.0389143
0.1618	0.000842219	-0.0398372
0.1619	0.000839517	-0.0407563
0.162	0.000836754	-0.0416715
0.1621	0.00083393	-0.0425829
0.1622	0.000831046	-0.0434902
0.1623	0.000828101	-0.0443934
0.1624	0.000825096	-0.0452924
0.1625	0.000822032	-0.0461871
0.1626	0.000818908	-0.0470773
0.1627	0.000815725	-0.0479632
0.1628	0.000812483	-0.0488444
0.1629	0.000809183	-0.049721
0.163	0.000805824	-0.0505929
0.1631	0.000802408	-0.0514599
0.1632	0.000798934	-0.052322
0.1633	0.000795403	-0.0531791
0.1634	0.000791815	-0.0540311
0.1635	0.00078817	-0.054878
0.1636	0.000784469	-0.0557195
0.1637	0.000780712	-0.0565558
0.1638	0.0007769	-0.0573866
0.1639	0.000773033	-0.0582119
0.164	0.000769111	-0.0590316
0.1641	0.000765135	-0.0598456
0.1642	0.000761104	-0.0606539
0.1643	0.00075702	-0.0614563
0.1644	0.000752883	-0.0622528
0.1645	0.000748693	-0.0630434
0.1646	0.000744451	-0.0638278
0.1647	0.000740157	-0.0646061
0.1648	0.000735811	-0.0653781
0.1649	0.000731414	-0.0661439
0.165	0.000726966	-0.0669032
0.1651	0.000722468	-0.0676561
0.1652	0.00071792	-0.0684025
0.1653	0.000713323	-0.0691422
0.1654	0.000708676	-0.0698753
0.1655	0.000703981	-0.0706016
0.1656	0.000699239	-0.071321
0.1657	0.000694448	-0.0720335
0.1658	0.00068961	-0.0727391
0.1659	0.000684726	-0.0734376
0.166	0.000679795	-0.074129
0.1661	0.000674819	-0.0748132
0.1662	0.000669797	-0.0754902
0.1663	0.000664731	-0.0761598
0.1664	0.00065962	-0.0768221
0.1665	0.000654466	-0.0774768
0.1666	0.000649268	-0.0781241
0.1667	0.000644028	-0.0787638
0.1668	0.000638745	-0.0793958
0.1669	0.000633421	-0.0800201
0.167	0.000628055	-0.0806366
0.1671	0.000622648	-0.0812453
0.1672	0.000617202	-0.0818461
0.1673	0.000611716	-0.0824389
0.1674	0.00060619	-0.0830237
0.1675	0.000600626	-0.0836004
0.1676	0.000595024	-0.084169
0.1677	0.000589385	-0.0847294
0.1678	0.000583709	-0.0852815
0.1679	0.000577996	-0.0858253
0.168	0.000572247	-0.0863608
0.1681	0.000566463	-0.0868878
0.1682	0.000560645	-0.0874064
0.1683	0.000554792	-0.0879165
0.1684	0.000548905	-0.088418
0.1685	0.000542986	-0.0889109
0.1686	0.000537034	-0.0893951
0.1687	0.000531051	-0.0898706
0.1688	0.000525036	-0.0903373
0.1689	0.00051899	-0.0907952
0.169	0.000512915	-0.0912442
0.1691	0.00050681	-0.0916844
0.1692	0.000500676	-0.0921156
0.1693	0.000494513	-0.0925378
0.1694	0.000488323	-0.0929509
0.1695	0.000482106	-0.093355
0.1696	0.000475863	-0.09375
0.1697	0.000469593	-0.0941358
0.1698	0.000463298	-0.0945125
0.1699	0.000456979	-0.0948799
0.17	0.000450636	-0.095238
0.1701	0.000444269	-0.0955868
0.1702	0.000437879	-0.0959263
0.1703	0.000431468	-0.0962564
0.1704	0.000425034	-0.0965771
0.1705	0.00041858	-0.0968884
0.1706	0.000412106	-0.0971902
0.1707	0.000405612	-0.0974825
0.1708	0.000399098	-0.0977652
0.1709	0.000392567	-0.0980384
0.171	0.000386018	-0.098302
0.1711	0.000379452	-0.098556
0.1712	0.000372869	-0.0988004
0.1713	0.00036627	-0.0990351
0.1714	0.000359656	-0.0992601
0.1715	0.000353028	-0.0994754
0.1716	0.000346386	-0.099681
0.1717	0.000339731	-0.0998768
0.1718	0.000333063	-0.100063
0.1719	0.000326383	-0.100239
0.172	0.000319692	-0.100406
0.1721	0.000312991	-0.100562
0.1722	0.000306279	-0.100709
0.1723	0.000299558	-0.100846
0.1724	0.000292829	-0.100973
0.1725	0.000286091	-0.10109
0.1726	0.000279346	-0.101197
0.1727	0.000272595	-0.101295
0.1728	0.000265837	-0.101382
0.1729	0.000259074	-0.10146
0.173	0.000252307	-0.101527
0.1731	0.000245536	-0.101585
0.1732	0.000238761	-0.101633
0.1733	0.000231983	-0.101671
0.1734	0.000225204	-0.101699
0.1735	0.000218423	-0.101716
0.1736	0.000211641	-0.101724
0.1737	0.00020486	-0.101722
0.1738	0.000198079	-0.10171
0.1739	0.000191299	-0.101688
0.174	0.000184521	-0.101656
0.1741	0.000177746	-0.101615
0.1742	0.000170974	-0.101563
0.1743	0.000164207	-0.101501
0.1744	0.000157443	-0.101429
0.1745	0.000150686	-0.101348
0.1746	0.000143934	-0.101256
0.1747	0.000137188	-0.101155
0.1748	0.00013045	-0.101043
0.1749	0.00012372	-0.100922
0.175	0.000116998	-0.100791
0.1751	0.000110286	-0.10065
0.1752	0.000103583	-0.100499
0.1753	9.68914e-05	-0.100338
0.1754	9.02107e-05	-0.100168
0.1755	8.35418e-05	-0.0999874
0.1756	7.68854e-05	-0.0997973
0.1757	7.02422e-05	-0.0995974
0.1758	6.36129e-05	-0.0993878
0.1759	5.69979e-05	-0.0991684
0.176	5.03981e-05	-0.0989393
0.1761	4.38141e-05	-0.0987006
0.1762	3.72465e-05	-0.0984522
0.1763	3.06959e-05	-0.0981941
0.1764	2.41629e-05	-0.0979265
0.1765	1.76484e-05	-0.0976492
0.1766	1.11527e-05	-0.0973624
0.1767	4.6767e-06	-0.0970661
0.1768	-1.77909e-06	-0.0967603
0.1769	-8.21402e-06	-0.096445
0.177	-1.46275e-05	-0.0961203
0.1771	-2.10188e-05	-0.0957861
0.1772	-2.73873e-05	-0.0954427
0.1773	-3.37325e-05	-0.0950898
0.1774	-4.00538e-05	-0.0947277
0.1775	-4.63504e-05	-0.0943563
0.1776	-5.26217e-05	-0.0939757
0.1777	-5.88673e-05	-0.0935858
0.1778	-6.50864e-05	-0.0931869
0.1779	-7.12784e-05	-0.0927788
0.178	-7.74428e-05	-0.0923617
0.1781	-8.35789e-05	-0.0919355
0.1782	-8.96862e-05	-0.0915003
0.1783	-9.5764e-05	-0.0910562
0.1784	-0.000101812	-0.0906032
0.1785	-0.000107829	-0.0901414
0.1786	-0.000113815	-0.0896707
0.1787	-0.000119769	-0.0891913
0.1788	-0.00012569	-0.0887031
0.1789	-0.000131579	-0.0882063
0.179	-0.000137434	-0.0877009
0.1791	-0.000143255	-0.0871869
0.1792	-0.000149041	-0.0866644
0.1793	-0.000154792	-0.0861335
0.1794	-0.000160508	-0.0855941
0.1795	-0.000166187	-0.0850464
0.1796	-0.000171828	-0.0844904
0.1797	-0.000177433	-0.0839261
0.1798	-0.000182999	-0.0833537
0.1799	-0.000188527	-0.0827731
0.18	-0.000194016	-0.0821845
0.1801	-0.000199465	-0.0815878
0.1802	-0.000204874	-0.0809832
0.1803	-0.000210242	-0.0803707
0.1804	-0.000215569	-0.0797503
0.1805	-0.000220854	-0.0791222
0.1806	-0.000226097	-0.0784864
0.1807	-0.000231297	-0.0778429
0.1808	-0.000236454	-0.0771919
0.1809	-0.000241567	-0.0765333
0.181	-0.000246636	-0.0758673
0.1811	-0.00025166	-0.0751939
0.1812	-0.000256639	-0.0745132
0.1813	-0.000261572	-0.0738252
0.1814	-0.000266459	-0.0731301
0.1815	-0.000271299	-0.0724278
0.1816	-0.000276092	-0.0717185
0.1817	-0.000280837	-0.0710022
0.1818	-0.000285535	-0.0702791
0.1819	-0.000290183	-0.0695491
0.182	-0.000294783	-0.0688124
0.1821	-0.000299333	-0.0680689
0.1822	-0.000303833	-0.0673189
0.1823	-0.000308283	-0.0665624
0.1824	-0.000312683	-0.0657993
0.1825	-0.000317031	-0.06503
0.1826	-0.000321327	-0.0642543
0.1827	-0.000325571	-0.0634724
0.1828	-0.000329763	-0.0626843
0.1829	-0.000333903	-0.0618902
0.183	-0.000337988	-0.06109
0.1831	-0.000342021	-0.060284
0.1832	-0.000345999	-0.0594722
0.1833	-0.000349923	-0.0586546
0.1834	-0.000353792	-0.0578313
0.1835	-0.000357606	-0.0570024
0.1836	-0.000361364	-0.0561681
0.1837	-0.000365066	-0.0553283
0.1838	-0.000368713	-0.0544832
0.1839	-0.000372302	-0.0536329
0.184	-0.000375835	-0.0527774
0.1841	-0.00037931	-0.0519168
0.1842	-0.000382728	-0.0510512
0.1843	-0.000386087	-0.0501807
0.1844	-0.000389389	-0.0493054
0.1845	-0.000392632	-0.0484253
0.1846	-0.000395816	-0.0475407
0.1847	-0.000398941	-0.0466514
0.1848	-0.000402006	-0.0457577
0.1849	-0.000405011	-0.0448596
0.185	-0.000407957	-0.0439572
0.1851	-0.000410842	-0.0430507
0.1852	-0.000413666	-0.04214
0.1853	-0.000416429	-0.0412253
0.1854	-0.000419132	-0.0403067
0.1855	-0.000421772	-0.0393842
0.1856	-0.000424352	-0.038458
0.1857	-0.000426869	-0.0375282
0.1858	-0.000429324	-0.0365948
0.1859	-0.000431717	-0.0356579
0.186	-0.000434047	-0.0347177
0.1861	-0.000436314	-0.0337742
0.1862	-0.000438518	-0.0328275
0.1863	-0.000440659	-0.0318777
0.1864	-0.000442736	-0.0309249
0.1865	-0.00044475	-0.0299693
0.1866	-0.0004467	-0.0290108
0.1867	-0.000448585	-0.0280496
0.1868	-0.000450407	-0.0270858
0.1869	-0.000452164	-0.0261196
0.187	-0.000453857	-0.0251508
0.1871	-0.000455485	-0.0241798
0.1872	-0.000457048	-0.0232066
0.1873	-0.000458546	-0.0222312
0.1874	-0.000459979	-0.0212538
0.1875	-0.000461347	-0.0202744
0.1876	-0.000462649	-0.0192933
0.1877	-0.000463886	-0.0183104
0.1878	-0.000465057	-0.0173258
0.1879	-0.000466163	-0.0163397
0.188	-0.000467203	-0.0153522
0.1881	-0.000468177	-0.0143633
0.1882	-0.000469084	-0.0133732
0.1883	-0.000469926	-0.012382
0.1884	-0.000470702	-0.0113897
0.1885	-0.000471411	-0.0103965
0.1886	-0.000472055	-0.00940237
0.1887	-0.000472631	-0.00840753
0.1888	-0.000473142	-0.00741205
0.1889	-0.000473586	-0.00641602
0.189	-0.000473964	-0.00541954
0.1891	-0.000474275	-0.00442271
0.1892	-0.00047452	-0.00342563
0.1893	-0.000474698	-0.00242841
0.1894	-0.00047481	-0.00143113
0.1895	-0.000474855	-0.000433895
0.1896	-0.000474834	0.000563188
0.1897	-0.000474747	0.00156002
0.1898	-0.000474593	0.00255651
0.1899	-0.000474372	0.00355255
0.19	-0.000474085	0.00454804
0.1901	-0.000473732	0.00554289
0.1902	-0.000473313	0.00653699
0.1903	-0.000472827	0.00753025
0.1904	-0.000472275	0.00852256
0.1905	-0.000471657	0.00951383
0.1906	-0.000470973	0.010504
0.1907	-0.000470223	0.0114928
0.1908	-0.000469407	0.0124804
0.1909	-0.000468526	0.0134665
0.191	-0.000467579	0.0144511
0.1911	-0.000466566	0.015434
0.1912	-0.000465488	0.0164152
0.1913	-0.000464344	0.0173946
0.1914	-0.000463135	0.018372
0.1915	-0.000461862	0.0193475
0.1916	-0.000460523	0.0203208
0.1917	-0.000459119	0.0212918
0.1918	-0.000457651	0.0222606
0.1919	-0.000456119	0.0232269
0.192	-0.000454522	0.0241908
0.1921	-0.000452861	0.025152
0.1922	-0.000451136	0.0261105
0.1923	-0.000449347	0.0270662
0.1924	-0.000447495	0.028019
0.1925	-0.000445579	0.0289689
0.1926	-0.000443601	0.0299156
0.1927	-0.000441559	0.0308592
0.1928	-0.000439454	0.0317995
0.1929	-0.000437287	0.0327364
0.193	-0.000435058	0.0336699
0.1931	-0.000432766	0.0345998
0.1932	-0.000430413	0.035526
0.1933	-0.000427999	0.0364486
0.1934	-0.000425522	0.0373673
0.1935	-0.000422985	0.038282
0.1936	-0.000420387	0.0391928
0.1937	-0.000417729	0.0400994
0.1938	-0.00041501	0.0410019
0.1939	-0.000412232	0.0419001
0.194	-0.000409394	0.0427938
0.1941	-0.000406496	0.0436832
0.1942	-0.000403539	0.0445679
0.1943	-0.000400524	0.0454481
0.1944	-0.00039745	0.0463235
0.1945	-0.000394318	0.047194
0.1946	-0.000391128	0.0480597
0.1947	-0.000387881	0.0489204
0.1948	-0.000384577	0.049776
0.1949	-0.000381216	0.0506265
0.195	-0.000377798	0.0514716
0.1951	-0.000374324	0.0523115
0.1952	-0.000370795	0.053146
0.1953	-0.00036721	0.0539749
0.1954	-0.00036357	0.0547983
0.1955	-0.000359876	0.055616
0.1956	-0.000356128	0.0564279
0.1957	-0.000352325	0.0572341
0.1958	-0.000348469	0.0580343
0.1959	-0.000344561	0.0588285
0.196	-0.000340599	0.0596167
0.1961	-0.000336585	0.0603987
0.1962	-0.00033252	0.0611745
0.1963	-0.000328403	0.061944
0.1964	-0.000324235	0.0627071
0.1965	-0.000320016	0.0634638
0.1966	-0.000315748	0.0642139
0.1967	-0.000311429	0.0649575
0.1968	-0.000307062	0.0656943
0.1969	-0.000302645	0.0664244
0.197	-0.000298181	0.0671477
0.1971	-0.000293668	0.0678641
0.1972	-0.000289108	0.0685735
0.1973	-0.000284501	0.0692759
0.1974	-0.000279848	0.0699711
0.1975	-0.000275149	0.0706592
0.1976	-0.000270404	0.0713401
0.1977	-0.000265614	0.0720136
0.1978	-0.000260779	0.0726797
0.1979	-0.000255901	0.0733384
0.198	-0.000250979	0.0739896
0.1981	-0.000246014	0.0746332
0.1982	-0.000241007	0.0752691
0.1983	-0.000235957	0.0758974
0.1984	-0.000230866	0.0765179
0.1985	-0.000225734	0.0771305
0.1986	-0.000220561	0.0777352
0.1987	-0.000215349	0.078332
0.1988	-0.000210097	0.0789208
0.1989	-0.000204807	0.0795015
0.199	-0.000199478	0.0800741
0.1991	-0.000194111	0.0806385
0.1992	-0.000188707	0.0811946
0.1993	-0.000183267	0.0817425
0.1994	-0.00017779	0.082282
0.1995	-0.000172278	0.082813
0.1996	-0.000166731	0.0833357
0.1997	-0.000161149	0.0838498
0.1998	-0.000155534	0.0843553
0.1999	-0.000149885	0.0848523
0.2	-0.000144204	0.0853405
0.2001	-0.00013849	0.0858201
0.2002	-0.000132745	0.0862909
0.2003	-0.000126969	0.0867529
0.2004	-0.000121163	0.087206
0.2005	-0.000115327	0.0876502
0.2006	-0.000109461	0.0880855
0.2007	-0.000103567	0.0885118
0.2008	-9.76456e-05	0.0889291
0.2009	-9.16964e-05	0.0893373
0.201	-8.57205e-05	0.0897364
0.2011	-7.97184e-05	0.0901264
0.2012	-7.36908e-05	0.0905071
0.2013	-6.76383e-05	0.0908786
0.2014	-6.15614e-05	0.0912409
0.2015	-5.54609e-05	0.0915939
0.2016	-4.93373e-05	0.0919375
0.2017	-4.31913e-05	0.0922717
0.2018	-3.70235e-05	0.0925966
0.2019	-3.08344e-05	0.092912
0.202	-2.46249e-05	0.093218
0.2021	-1.83954e-05	0.0935144
0.2022	-1.21466e-05	0.0938013
0.2023	-5.87918e-06	0.0940787
0.2024	4.06256e-07	0.0943465
0.2025	6.70906e-06	0.0946046
0.2026	1.30286e-05	0.0948532
0.2027	1.93642e-05	0.095092
0.2028	2.57153e-05	0.0953212
0.2029	3.20811e-05	0.0955407
0.203	3.84611e-05	0.0957505
0.2031	4.48546e-05	0.0959505
0.2032	5.12609e-05	0.0961407
0.2033	5.76794e-05	0.0963211
0.2034	6.41095e-05	0.0964918
0.2035	7.05504e-05	0.0966526
0.2036	7.70016e-05	0.0968036
0.2037	8.34623e-05	0.0969447
0.2038	8.9932e-05	0.0970759
0.2039	9.64099e-05	0.0971973
0.204	0.000102895	0.0973088
0.2041	0.000109388	0.0974103
0.2042	0.000115886	0.097502
0.2043	0.000122391	0.0975837
0.2044	0.0001289	0.0976555
0.2045	0.000135414	0.0977174
0.2046	0.000141931	0.0977693
0.2047	0.000148451	0.0978113
0.2048	0.000154973	0.0978433
0.2049	0.000161497	0.0978653
0.205	0.000168022	0.0978774
0.2051	0.000174548	0.0978795
0.2052	0.000181073	0.0978717
0.2053	0.000187597	0.0978539
0.2054	0.000194119	0.0978262
0.2055	0.000200639	0.0977885
0.2056	0.000207156	0.0977408
0.2057	0.000213669	0.0976832
0.2058	0.000220178	0.0976157
0.2059	0.000226682	0.0975382
0.206	0.00023318	0.0974508
0.2061	0.000239672	0.0973535
0.2062	0.000246157	0.0972463
0.2063	0.000252634	0.0971292
0.2064	0.000259103	0.0970022
0.2065	0.000265563	0.0968653
0.2066	0.000272014	0.0967186
0.2067	0.000278454	0.096562
0.2068	0.000284883	0.0963956
0.2069	0.000291301	0.0962194
0.207	0.000297706	0.0960334
0.2071	0.000304098	0.0958376
0.2072	0.000310477	0.0956321
0.2073	0.000316842	0.0954168
0.2074	0.000323192	0.0951918
0.2075	0.000329526	0.0949572
0.2076	0.000335845	0.0947128
0.2077	0.000342146	0.0944589
0.2078	0.00034843	0.0941953
0.2079	0.000354696	0.0939221
0.208	0.000360944	0.0936394
0.2081	0.000367172	0.0933471
0.2082	0.00037338	0.0930453
0.2083	0.000379567	0.0927341
0.2084	0.000385734	0.0924134
0.2085	0.000391878	0.0920833
0.2086	0.000398	0.0917438
0.2087	0.000404099	0.091395
0.2088	0.000410174	0.0910369
0.2089	0.000416224	0.0906695
0.209	0.00042225	0.0902928
0.2091	0.00042825	0.089907
0.2092	0.000434225	0.089512
0.2093	0.000440172	0.0891079
0.2094	0.000446092	0.0886947
0.2095	0.000451983	0.0882725
0.2096	0.000457847	0.0878412
0.2097	0.000463681	0.0874011
0.2098	0.000469485	0.086952
0.2099	0.000475259	0.086494
0.21	0.000481002	0.0860273
0.2101	0.000486713	0.0855518
0.2102	0.000492392	0.0850675
0.2103	0.000498039	0.0845746
0.2104	0.000503652	0.084073
0.2105	0.000509231	0.0835629
0.2106	0.000514776	0.0830443
0.2107	0.000520286	0.0825171
0.2108	0.00052576	0.0819816
0.2109	0.000531199	0.0814377
0.211	0.0005366	0.0808855
0.2111	0.000541964	0.080325
0.2112	0.000547291	0.0797564
0.2113	0.000552579	0.0791796
0.2114	0.000557829	0.0785947
0.2115	0.000563038	0.0780018
0.2116	0.000568208	0.0774009
0.2117	0.000573338	0.0767921
0.2118	0.000578427	0.0761755
0.2119	0.000583474	0.0755511
0.212	0.000588479	0.074919
0.2121	0.000593441	0.0742792
0.2122	0.000598361	0.0736318
0.2123	0.000603237	0.0729769
0.2124	0.000608069	0.0723145
0.2125	0.000612856	0.0716447
0.2126	0.000617598	0.0709677
0.2127	0.000622295	0.0702833
0.2128	0.000626946	0.0695918
0.2129	0.000631551	0.0688931
0.213	0.000636108	0.0681874
0.2131	0.000640618	0.0674747
0.2132	0.00064508	0.066755
0.2133	0.000649494	0.0660286
0.2134	0.000653859	0.0652954
0.2135	0.000658175	0.0645554
0.2136	0.000662442	0.0638089
0.2137	0.000666658	0.0630558
0.2138	0.000670823	0.0622963
0.2139	0.000674938	0.0615304
0.214	0.000679001	0.0607581
0.2141	0.000683013	0.0599796
0.2142	0.000686972	0.059195
0.2143	0.000690879	0.0584042
0.2144	0.000694733	0.0576075
0.2145	0.000698533	0.0568048
0.2146	0.000702279	0.0559963
0.2147	0.000705972	0.0551821
0.2148	0.000709609	0.0543621
0.2149	0.000713192	0.0535366
0.215	0.000716719	0.0527055
0.2151	0.000720191	0.051869
0.2152	0.000723607	0.0510272
0.2153	0.000726966	0.0501801
0.2154	0.000730269	0.0493278
0.2155	0.000733514	0.0484704
0.2156	0.000736702	0.047608
0.2157	0.000739833	0.0467407
0.2158	0.000742905	0.0458686
0.2159	0.000745919	0.0449917
0.216	0.000748874	0.0441102
0.2161	0.00075177	0.043224
0.2162	0.000754607	0.0423334
0.2163	0.000757385	0.0414385
0.2164	0.000760102	0.0405392
0.2165	0.000762759	0.0396356
0.2166	0.000765356	0.038728
0.2167	0.000767892	0.0378163
0.2168	0.000770367	0.0369007
0.2169	0.000772781	0.0359813
0.217	0.000775134	0.0350581
0.2171	0.000777424	0.0341312
0.2172	0.000779653	0.0332007
0.2173	0.00078182	0.0322668
0.2174	0.000783924	0.0313295
0.2175	0.000785965	0.0303888
0.2176	0.000787944	0.029445
0.2177	0.000789859	0.0284981
0.2178	0.000791711	0.0275482
0.2179	0.0007935	0.0265954
0.218	0.000795225	0.0256397
0.2181	0.000796886	0.0246813
0.2182	0.000798484	0.0237203
0.2183	0.000800017	0.0227568
0.2184	0.000801485	0.0217908
0.2185	0.000802889	0.0208225
0.2186	0.000804229	0.019852
0.2187	0.000805504	0.0188793
0.2188	0.000806713	0.0179046
0.2189	0.000807858	0.0169279
0.219	0.000808937	0.0159494
0.2191	0.000809951	0.0149691
0.2192	0.0008109	0.0139872
0.2193	0.000811783	0.0130037
0.2194	0.000812601	0.0120187
0.2195	0.000813352	0.0110324
0.2196	0.000814038	0.0100449
0.2197	0.000814658	0.00905612
0.2198	0.000815212	0.00806633
0.2199	0.0008157	0.00707558
0.22	0.000816122	0.00608396
0.2201	0.000816478	0.00509158
0.2202	0.000816768	0.00409854
0.2203	0.000816991	0.00310492
0.2204	0.000817148	0.00211085
0.2205	0.000817239	0.0011164
0.2206	0.000817263	0.000121686
0.2207	0.000817221	-0.000873195
0.2208	0.000817113	-0.00186814
0.2209	0.000816939	-0.00286306
0.221	0.000816698	-0.00385785
0.2211	0.000816391	-0.0048524
0.2212	0.000816017	-0.00584663
0.2213	0.000815578	-0.00684043
0.2214	0.000815072	-0.00783369
0.2215	0.0008145	-0.00882633
0.2216	0.000813862	-0.00981824
0.2217	0.000813157	-0.0108093
0.2218	0.000812387	-0.0117995
0.2219	0.000811551	-0.0127886
0.222	0.000810648	-0.0137766
0.2221	0.00080968	-0.0147634
0.2222	0.000808647	-0.0157489
0.2223	0.000807547	-0.0167329
0.2224	0.000806382	-0.0177154
0.2225	0.000805152	-0.0186963
0.2226	0.000803857	-0.0196755
0.2227	0.000802496	-0.0206529
0.2228	0.00080107	-0.0216283
0.2229	0.000799579	-0.0226018
0.223	0.000798024	-0.0235731
0.2231	0.000796403	-0.0245423
0.2232	0.000794719	-0.0255091
0.2233	0.00079297	-0.0264736
0.2234	0.000791156	-0.0274355
0.2235	0.000789279	-0.0283949
0.2236	0.000787338	-0.0293515
0.2237	0.000785333	-0.0303054
0.2238	0.000783265	-0.0312564
0.2239	0.000781134	-0.0322045
0.224	0.000778939	-0.0331494
0.2241	0.000776682	-0.0340912
0.2242	0.000774362	-0.0350298
0.2243	0.00077198	-0.035965
0.2244	0.000769536	-0.0368967
0.2245	0.000767029	-0.0378249
0.2246	0.000764461	-0.0387495
0.2247	0.000761831	-0.0396704
0.2248	0.000759141	-0.0405874
0.2249	0.000756389	-0.0415005
0.225	0.000753577	-0.0424097
0.2251	0.000750704	-0.0433147
0.2252	0.000747771	-0.0442156
0.2253	0.000744778	-0.0451122
0.2254	0.000741726	-0.0460044
0.2255	0.000738614	-0.0468922
0.2256	0.000735444	-0.0477755
0.2257	0.000732215	-0.0486541
0.2258	0.000728927	-0.049528
0.2259	0.000725581	-0.0503971
0.226	0.000722178	-0.0512613
0.2261	0.000718718	-0.0521205
0.2262	0.0007152	-0.0529747
0.2263	0.000711626	-0.0538237
0.2264	0.000707995	-0.0546675
0.2265	0.000704308	-0.055506
0.2266	0.000700566	-0.0563391
0.2267	0.000696769	-0.0571667
0.2268	0.000692916	-0.0579887
0.2269	0.000689009	-0.0588051
0.227	0.000685048	-0.0596157
0.2271	0.000681033	-0.0604205
0.2272	0.000676965	-0.0612195
0.2273	0.000672844	-0.0620124
0.2274	0.00066867	-0.0627994
0.2275	0.000664444	-0.0635801
0.2276	0.000660167	-0.0643547
0.2277	0.000655838	-0.065123
0.2278	0.000651458	-0.0658849
0.2279	0.000647028	-0.0666404
0.228	0.000642547	-0.0673894
0.2281	0.000638017	-0.0681317
0.2282	0.000633438	-0.0688674
0.2283	0.00062881	-0.0695964
0.2284	0.000624134	-0.0703186
0.2285	0.00061941	-0.0710338
0.2286	0.000614639	-0.0717422
0.2287	0.000609821	-0.0724434
0.2288	0.000604957	-0.0731376
0.2289	0.000600046	-0.0738247
0.229	0.00059509	-0.0745045
0.2291	0.00059009	-0.0751769
0.2292	0.000585044	-0.0758421
0.2293	0.000579955	-0.0764997
0.2294	0.000574823	-0.0771499
0.2295	0.000569647	-0.0777925
0.2296	0.000564429	-0.0784275
0.2297	0.000559169	-0.0790548
0.2298	0.000553867	-0.0796743
0.2299	0.000548525	-0.080286
0.23	0.000543142	-0.0808898
0.2301	0.000537719	-0.0814857
0.2302	0.000532257	-0.0820736
0.2303	0.000526757	-0.0826534
0.2304	0.000521218	-0.0832251
0.2305	0.000515641	-0.0837886
0.2306	0.000510027	-0.0843439
0.2307	0.000504377	-0.0848909
0.2308	0.00049869	-0.0854295
0.2309	0.000492968	-0.0859598
0.231	0.000487211	-0.0864816
0.2311	0.00048142	-0.0869949
0.2312	0.000475595	-0.0874996
0.2313	0.000469737	-0.0879957
0.2314	0.000463846	-0.0884832
0.2315	0.000457923	-0.088962
0.2316	0.000451968	-0.089432
0.2317	0.000445983	-0.0898933
0.2318	0.000439967	-0.0903457
0.2319	0.000433922	-0.0907891
0.232	0.000427847	-0.0912237
0.2321	0.000421744	-0.0916493
0.2322	0.000415613	-0.0920659
0.2323	0.000409455	-0.0924734
0.2324	0.00040327	-0.0928717
0.2325	0.000397059	-0.093261
0.2326	0.000390823	-0.0936411
0.2327	0.000384561	-0.0940119
0.2328	0.000378275	-0.0943735
0.2329	0.000371966	-0.0947258
0.233	0.000365634	-0.0950688
0.2331	0.000359279	-0.0954024
0.2332	0.000352902	-0.0957266
0.2333	0.000346505	-0.0960414
0.2334	0.000340087	-0.0963467
0.2335	0.000333649	-0.0966425
0.2336	0.000327191	-0.0969288
0.2337	0.000320715	-0.0972056
0.2338	0.000314222	-0.0974727
0.2339	0.00030771	-0.0977303
0.234	0.000301183	-0.0979782
0.2341	0.000294639	-0.0982165
0.2342	0.000288079	-0.0984451
0.2343	0.000281505	-0.098664
0.2344	0.000274917	-0.0988732
0.2345	0.000268315	-0.0990726
0.2346	0.000261701	-0.0992623
0.2347	0.000255074	-0.0994422
0.2348	0.000248436	-0.0996123
0.2349	0.000241787	-0.0997725
0.235	0.000235128	-0.0999229
0.2351	0.00022846	-0.100064
0.2352	0.000221782	-0.100194
0.2353	0.000215096	-0.100315
0.2354	0.000208403	-0.100426
0.2355	0.000201703	-0.100527
0.2356	0.000194996	-0.100618
0.2357	0.000188284	-0.100699
0.2358	0.000181567	-0.100771
0.2359	0.000174846	-0.100832
0.236	0.000168121	-0.100883
0.2361	0.000161394	-0.100925
0.2362	0.000154664	-0.100956
0.2363	0.000147932	-0.100978
0.2364	0.000141199	-0.100989
0.2365	0.000134467	-0.100991
0.2366	0.000127734	-0.100983
0.2367	0.000121003	-0.100964
0.2368	0.000114273	-0.100936
0.2369	0.000107546	-0.100898
0.237	0.000100822	-0.10085
0.2371	9.41014e-05	-0.100792
0.2372	8.73853e-05	-0.100724
0.2373	8.06742e-05	-0.100646
0.2374	7.39688e-05	-0.100558
0.2375	6.72698e-05	-0.10046
0.2376	6.05778e-05	-0.100352
0.2377	5.38935e-05	-0.100235
0.2378	4.72175e-05	-0.100107
0.2379	4.05505e-05	-0.0999697
0.238	3.38932e-05	-0.0998225
0.2381	2.72462e-05	-0.0996654
0.2382	2.06101e-05	-0.0994985
0.2383	1.39857e-05	-0.0993218
0.2384	7.37351e-06	-0.0991353
0.2385	7.74266e-07	-0.098939
0.2386	-5.8114e-06	-0.098733
0.2387	-1.23828e-05	-0.0985172
0.2388	-1.89394e-05	-0.0982917
0.2389	-2.54805e-05	-0.0980565
0.239	-3.20053e-05	-0.0978116
0.2391	-3.85134e-05	-0.0975571
0.2392	-4.5004e-05	-0.097293
0.2393	-5.14766e-05	-0.0970193
0.2394	-5.79304e-05	-0.0967361
0.2395	-6.43648e-05	-0.0964432
0.2396	-7.07793e-05	-0.0961409
0.2397	-7.71731e-05	-0.0958291
0.2398	-8.35456e-05	-0.0955079
0.2399	-8.98963e-05	-0.0951772
0.24	-9.62245e-05	-0.0948372
0.2401	-0.000102529	-0.0944878
0.2402	-0.000108811	-0.0941291
0.2403	-0.000115068	-0.0937612
0.2404	-0.000121299	-0.093384
0.2405	-0.000127506	-0.0929976
0.2406	-0.000133686	-0.092602
0.2407	-0.000139839	-0.0921973
0.2408	-0.000145965	-0.0917835
0.2409	-0.000152063	-0.0913607
0.241	-0.000158132	-0.0909288
0.2411	-0.000164171	-0.0904881
0.2412	-0.000170182	-0.0900384
0.2413	-0.000176161	-0.0895798
0.2414	-0.00018211	-0.0891124
0.2415	-0.000188027	-0.0886363
0.2416	-0.000193912	-0.0881514
0.2417	-0.000199764	-0.0876578
0.2418	-0.000205582	-0.0871556
0.2419	-0.000211367	-0.0866448
0.242	-0.000217117	-0.0861255
0.2421	-0.000222833	-0.0855977
0.2422	-0.000228512	-0.0850615
0.2423	-0.000234156	-0.0845169
0.2424	-0.000239763	-0.083964
0.2425	-0.000245332	-0.0834028
0.2426	-0.000250864	-0.0828335
0.2427	-0.000256357	-0.082256
0.2428	-0.000261811	-0.0816703
0.2429	-0.000267226	-0.0810767
0.243	-0.000272601	-0.0804751
0.2431	-0.000277936	-0.0798655
0.2432	-0.000283229	-0.0792482
0.2433	-0.000288481	-0.078623
0.2434	-0.000293691	-0.0779901
0.2435	-0.000298858	-0.0773495
0.2436	-0.000303982	-0.0767013
0.2437	-0.000309063	-0.0760456
0.2438	-0.000314099	-0.0753825
0.2439	-0.000319091	-0.0747119
0.244	-0.000324038	-0.0740339
0.2441	-0.000328939	-0.0733487
0.2442	-0.000333794	-0.0726564
0.2443	-0.000338603	-0.0719568
0.2444	-0.000343365	-0.0712502
0.2445	-0.000348079	-0.0705367
0.2446	-0.000352745	-0.0698161
0.2447	-0.000357363	-0.0690888
0.2448	-0.000361932	-0.0683547
0.2449	-0.000366452	-0.0676138
0.245	-0.000370922	-0.0668664
0.2451	-0.000375342	-0.0661123
0.2452	-0.000379712	-0.0653519
0.2453	-0.00038403	-0.064585
0.2454	-0.000388297	-0.0638117
0.2455	-0.000392512	-0.0630322
0.2456	-0.000396675	-0.0622466
0.2457	-0.000400785	-0.0614549
0.2458	-0.000404842	-0.0606571
0.2459	-0.000408845	-0.0598534
0.246	-0.000412795	-0.0590439
0.2461	-0.00041669	-0.0582286
0.2462	-0.000420531	-0.0574075
0.2463	-0.000424317	-0.0565809
0.2464	-0.000428047	-0.0557488
0.2465	-0.000431722	-0.0549112
0.2466	-0.00043534	-0.0540682
0.2467	-0.000438902	-0.05322
0.2468	-0.000442407	-0.0523666
0.2469	-0.000445855	-0.0515081
0.247	-0.000449246	-0.0506445
0.2471	-0.000452579	-0.0497761
0.2472	-0.000455853	-0.0489027
0.2473	-0.000459069	-0.0480246
0.2474	-0.000462227	-0.0471419
0.2475	-0.000465325	-0.0462545
0.2476	-0.000468364	-0.0453627
0.2477	-0.000471343	-0.0444665
0.2478	-0.000474262	-0.0435659
0.2479	-0.000477121	-0.0426611
0.248	-0.00047992	-0.0417522
0.2481	-0.000482657	-0.0408392
0.2482	-0.000485334	-0.0399223
0.2483	-0.000487949	-0.0390015
0.2484	-0.000490503	-0.0380769
0.2485	-0.000492995	-0.0371487
0.2486	-0.000495425	-0.0362169
0.2487	-0.000497792	-0.0352816
0.2488	-0.000500097	-0.0343429
0.2489	-0.00050234	-0.0334008
0.249	-0.000504519	-0.0324556
0.2491	-0.000506635	-0.0315072
0.2492	-0.000508688	-0.0305559
0.2493	-0.000510677	-0.0296016
0.2494	-0.000512602	-0.0286444
0.2495	-0.000514464	-0.0276846
0.2496	-0.000516261	-0.0267221
0.2497	-0.000517994	-0.025757
0.2498	-0.000519663	-0.0247895
0.2499	-0.000521267	-0.0238197
0.25	-0.000522806	-0.0228476
0.2501	-0.00052428	-0.0218733
0.2502	-0.000525689	-0.020897
0.2503	-0.000527033	-0.0199187
0.2504	-0.000528312	-0.0189385
0.2505	-0.000529525	-0.0179566
0.2506	-0.000530673	-0.016973
0.2507	-0.000531755	-0.0159879
0.2508	-0.000532771	-0.0150013
0.2509	-0.000533722	-0.0140133
0.251	-0.000534607	-0.013024
0.2511	-0.000535425	-0.0120335
0.2512	-0.000536178	-0.011042
0.2513	-0.000536864	-0.0100495
