0	0	0
0.0001	6.04166e-10	1.60622e-05
0.0002	3.83372e-09	6.28304e-05
0.0003	1.16369e-08	0.000138352
0.0004	2.5838e-08	0.000240797
0.0005	4.8145e-08	0.00036845
0.0006	8.0157e-08	0.000519701
0.0007	1.23371e-07	0.000693041
0.0008	1.79187e-07	0.000887057
0.0009	2.48918e-07	0.00110042
0.001	3.3379e-07	0.00133189
0.0011	4.3495e-07	0.0015803
0.0012	5.53474e-07	0.00184455
0.0013	6.90364e-07	0.00212361
0.0014	8.46561e-07	0.00241654
0.0015	1.02294e-06	0.00272242
0.0016	1.22033e-06	0.0030404
0.0017	1.43949e-06	0.0033697
0.0018	1.68113e-06	0.00370956
0.0019	1.94594e-06	0.00405929
0.002	2.23452e-06	0.00441824
0.0021	2.54747e-06	0.00478578
0.0022	2.88533e-06	0.00516134
0.0023	3.24861e-06	0.00554438
0.0024	3.63777e-06	0.00593439
0.0025	4.05327e-06	0.00633089
0.0026	4.4955e-06	0.00673343
0.0027	4.96486e-06	0.00714159
0.0028	5.46169e-06	0.00755499
0.0029	5.98633e-06	0.00797324
0.003	6.53907e-06	0.00839599
0.0031	7.12022e-06	0.00882293
0.0032	7.73002e-06	0.00925374
0.0033	8.36873e-06	0.00968813
0.0034	9.03656e-06	0.0101258
0.0035	9.73373e-06	0.0105666
0.0036	1.04604e-05	0.0110102
0.0037	1.12168e-05	0.0114564
0.0038	1.20031e-05	0.0119049
0.0039	1.28194e-05	0.0123556
0.004	1.36658e-05	0.0128084
0.0041	1.45425e-05	0.0132629
0.0042	1.54496e-05	0.0137191
0.0043	1.63872e-05	0.0141768
0.0044	1.73553e-05	0.0146358
0.0045	1.83542e-05	0.015096
0.0046	1.93837e-05	0.0155573
0.0047	2.04441e-05	0.0160196
0.0048	2.15353e-05	0.0164827
0.0049	2.26574e-05	0.0169465
0.005	2.38105e-05	0.017411
0.0051	2.49946e-05	0.0178759
0.0052	2.62097e-05	0.0183413
0.0053	2.74558e-05	0.018807
0.0054	2.8733e-05	0.019273
0.0055	3.00413e-05	0.0197392
0.0056	3.13807e-05	0.0202055
0.0057	3.27511e-05	0.0206718
0.0058	3.41527e-05	0.0211381
0.0059	3.55853e-05	0.0216043
0.006	3.7049e-05	0.0220704
0.0061	3.85437e-05	0.0225363
0.0062	4.00695e-05	0.0230018
0.0063	4.16264e-05	0.0234671
0.0064	4.32142e-05	0.023932
0.0065	4.4833e-05	0.0243965
0.0066	4.64827e-05	0.0248606
0.0067	4.81634e-05	0.0253242
0.0068	4.98749e-05	0.0257872
0.0069	5.16173e-05	0.0262496
0.007	5.33905e-05	0.0267115
0.0071	5.51944e-05	0.0271727
0.0072	5.7029e-05	0.0276332
0.0073	5.88943e-05	0.0280931
0.0074	6.07903e-05	0.0285521
0.0075	6.27168e-05	0.0290105
0.0076	6.46738e-05	0.029468
0.0077	6.66612e-05	0.0299247
0.0078	6.86791e-05	0.0303805
0.0079	7.07273e-05	0.0308355
0.008	7.28058e-05	0.0312895
0.0081	7.49146e-05	0.0317427
0.0082	7.70535e-05	0.0321949
0.0083	7.92225e-05	0.0326461
0.0084	8.14215e-05	0.0330963
0.0085	8.36505e-05	0.0335456
0.0086	8.59094e-05	0.0339938
0.0087	8.81981e-05	0.0344409
0.0088	9.05165e-05	0.034887
0.0089	9.28647e-05	0.035332
0.009	9.52425e-05	0.0357759
0.0091	9.76498e-05	0.0362186
0.0092	0.000100087	0.0366603
0.0093	0.000102553	0.0371007
0.0094	0.000105048	0.03754
0.0095	0.000107573	0.0379782
0.0096	0.000110127	0.0384151
0.0097	0.00011271	0.0388508
0.0098	0.000115321	0.0392852
0.0099	0.000117962	0.0397184
0.01	0.000120632	0.0401504
0.0101	0.00012333	0.0405811
0.0102	0.000126057	0.0410105
0.0103	0.000128813	0.0414386
0.0104	0.000131597	0.0418653
0.0105	0.000134409	0.0422908
0.0106	0.00013725	0.0427149
0.0107	0.000140119	0.0431377
0.0108	0.000143016	0.043559
0.0109	0.000145941	0.0439791
0.011	0.000148894	0.0443977
0.0111	0.000151874	0.0448149
0.0112	0.000154883	0.0452307
0.0113	0.000157919	0.0456451
0.0114	0.000160983	0.046058
0.0115	0.000164074	0.0464695
0.0116	0.000167193	0.0468795
0.0117	0.000170339	0.0472881
0.0118	0.000173512	0.0476951
0.0119	0.000176712	0.0481007
0.012	0.000179939	0.0485048
0.0121	0.000183193	0.0489073
0.0122	0.000186473	0.0493084
0.0123	0.00018978	0.0497079
0.0124	0.000193114	0.0501058
0.0125	0.000196475	0.0505022
0.0126	0.000199861	0.050897
0.0127	0.000203274	0.0512903
0.0128	0.000206713	0.0516819
0.0129	0.000210178	0.052072
0.013	0.000213669	0.0524604
0.0131	0.000217186	0.0528472
0.0132	0.000220729	0.0532324
0.0133	0.000224297	0.053616
0.0134	0.00022789	0.0539979
0.0135	0.000231509	0.0543781
0.0136	0.000235153	0.0547567
0.0137	0.000238823	0.0551336
0.0138	0.000242517	0.0555088
0.0139	0.000246237	0.0558823
0.014	0.000249981	0.0562542
0.0141	0.00025375	0.0566243
0.0142	0.000257543	0.0569926
0.0143	0.000261361	0.0573593
0.0144	0.000265203	0.0577242
0.0145	0.00026907	0.0580873
0.0146	0.000272961	0.0584487
0.0147	0.000276875	0.0588083
0.0148	0.000280814	0.0591661
0.0149	0.000284776	0.0595222
0.015	0.000288762	0.0598764
0.0151	0.000292772	0.0602289
0.0152	0.000296804	0.0605795
0.0153	0.000300861	0.0609283
0.0154	0.00030494	0.0612753
0.0155	0.000309042	0.0616204
0.0156	0.000313168	0.0619637
0.0157	0.000317316	0.0623051
0.0158	0.000321486	0.0626447
0.0159	0.00032568	0.0629824
0.016	0.000329895	0.0633182
0.0161	0.000334133	0.0636521
0.0162	0.000338394	0.0639841
0.0163	0.000342676	0.0643142
0.0164	0.00034698	0.0646424
0.0165	0.000351306	0.0649687
0.0166	0.000355653	0.065293
0.0167	0.000360022	0.0656155
0.0168	0.000364413	0.0659359
0.0169	0.000368825	0.0662544
0.017	0.000373257	0.066571
0.0171	0.000377711	0.0668855
0.0172	0.000382186	0.0671981
0.0173	0.000386682	0.0675087
0.0174	0.000391198	0.0678173
0.0175	0.000395734	0.0681239
0.0176	0.000400291	0.0684285
0.0177	0.000404868	0.0687311
0.0178	0.000409465	0.0690317
0.0179	0.000414083	0.0693302
0.018	0.00041872	0.0696267
0.0181	0.000423376	0.0699212
0.0182	0.000428052	0.0702136
0.0183	0.000432748	0.0705039
0.0184	0.000437463	0.0707922
0.0185	0.000442196	0.0710784
0.0186	0.000446949	0.0713625
0.0187	0.000451721	0.0716446
0.0188	0.000456511	0.0719245
0.0189	0.00046132	0.0722023
0.019	0.000466148	0.0724781
0.0191	0.000470993	0.0727517
0.0192	0.000475857	0.0730232
0.0193	0.000480739	0.0732926
0.0194	0.000485638	0.0735598
0.0195	0.000490556	0.0738249
0.0196	0.000495491	0.0740879
0.0197	0.000500443	0.0743486
0.0198	0.000505412	0.0746073
0.0199	0.000510399	0.0748638
0.02	0.000515403	0.0751181
0.0201	0.000520423	0.0753702
0.0202	0.000525461	0.0756201
0.0203	0.000530515	0.0758679
0.0204	0.000535585	0.0761134
0.0205	0.000540671	0.0763568
0.0206	0.000545774	0.0765979
0.0207	0.000550892	0.0768368
0.0208	0.000556027	0.0770735
0.0209	0.000561177	0.077308
0.021	0.000566342	0.0775403
0.0211	0.000571523	0.0777703
0.0212	0.000576719	0.077998
0.0213	0.000581931	0.0782236
0.0214	0.000587157	0.0784468
0.0215	0.000592398	0.0786678
0.0216	0.000597653	0.0788866
0.0217	0.000602923	0.0791031
0.0218	0.000608207	0.0793173
0.0219	0.000613506	0.0795292
0.022	0.000618818	0.0797388
0.0221	0.000624145	0.0799462
0.0222	0.000629485	0.0801512
0.0223	0.000634839	0.080354
0.0224	0.000640206	0.0805544
0.0225	0.000645586	0.0807526
0.0226	0.000650979	0.0809484
0.0227	0.000656385	0.0811419
0.0228	0.000661805	0.0813331
0.0229	0.000667236	0.0815219
0.023	0.00067268	0.0817085
0.0231	0.000678137	0.0818927
0.0232	0.000683606	0.0820745
0.0233	0.000689086	0.082254
0.0234	0.000694579	0.0824311
0.0235	0.000700083	0.0826059
0.0236	0.000705599	0.0827784
0.0237	0.000711126	0.0829485
0.0238	0.000716664	0.0831162
0.0239	0.000722214	0.0832815
0.024	0.000727774	0.0834445
0.0241	0.000733345	0.083605
0.0242	0.000738927	0.0837632
0.0243	0.000744519	0.0839191
0.0244	0.000750121	0.0840725
0.0245	0.000755733	0.0842235
0.0246	0.000761356	0.0843721
0.0247	0.000766988	0.0845184
0.0248	0.00077263	0.0846622
0.0249	0.000778281	0.0848036
0.025	0.000783942	0.0849426
0.0251	0.000789611	0.0850792
0.0252	0.00079529	0.0852134
0.0253	0.000800978	0.0853452
0.0254	0.000806674	0.0854745
0.0255	0.000812379	0.0856014
0.0256	0.000818092	0.0857259
0.0257	0.000823813	0.085848
0.0258	0.000829542	0.0859676
0.0259	0.000835279	0.0860848
0.026	0.000841024	0.0861995
0.0261	0.000846776	0.0863118
0.0262	0.000852536	0.0864216
0.0263	0.000858303	0.086529
0.0264	0.000864077	0.086634
0.0265	0.000869857	0.0867365
0.0266	0.000875645	0.0868365
0.0267	0.000881439	0.0869341
0.0268	0.000887239	0.0870292
0.0269	0.000893046	0.0871219
0.027	0.000898859	0.0872121
0.0271	0.000904677	0.0872998
0.0272	0.000910502	0.087385
0.0273	0.000916331	0.0874678
0.0274	0.000922167	0.0875481
0.0275	0.000928007	0.087626
0.0276	0.000933853	0.0877013
0.0277	0.000939703	0.0877742
0.0278	0.000945558	0.0878446
0.0279	0.000951418	0.0879125
0.028	0.000957282	0.087978
0.0281	0.000963151	0.0880409
0.0282	0.000969023	0.0881014
0.0283	0.000974899	0.0881594
0.0284	0.00098078	0.0882149
0.0285	0.000986663	0.0882679
0.0286	0.00099255	0.0883184
0.0287	0.000998441	0.0883664
0.0288	0.00100433	0.088412
0.0289	0.00101023	0.088455
0.029	0.00101613	0.0884956
0.0291	0.00102203	0.0885336
0.0292	0.00102794	0.0885692
0.0293	0.00103384	0.0886022
0.0294	0.00103975	0.0886328
0.0295	0.00104566	0.0886609
0.0296	0.00105157	0.0886864
0.0297	0.00105749	0.0887095
0.0298	0.0010634	0.08873
0.0299	0.00106932	0.0887481
0.03	0.00107523	0.0887637
0.0301	0.00108115	0.0887768
0.0302	0.00108707	0.0887873
0.0303	0.00109299	0.0887954
0.0304	0.00109891	0.088801
0.0305	0.00110483	0.088804
0.0306	0.00111075	0.0888046
0.0307	0.00111667	0.0888027
0.0308	0.00112259	0.0887982
0.0309	0.00112851	0.0887913
0.031	0.00113443	0.0887819
0.0311	0.00114035	0.0887699
0.0312	0.00114627	0.0887555
0.0313	0.00115218	0.0887386
0.0314	0.0011581	0.0887192
0.0315	0.00116401	0.0886973
0.0316	0.00116992	0.0886729
0.0317	0.00117583	0.0886459
0.0318	0.00118174	0.0886166
0.0319	0.00118765	0.0885847
0.032	0.00119355	0.0885503
0.0321	0.00119945	0.0885134
0.0322	0.00120535	0.088474
0.0323	0.00121125	0.0884322
0.0324	0.00121714	0.0883878
0.0325	0.00122303	0.088341
0.0326	0.00122892	0.0882917
0.0327	0.0012348	0.0882399
0.0328	0.00124068	0.0881856
0.0329	0.00124656	0.0881289
0.033	0.00125243	0.0880696
0.0331	0.0012583	0.0880079
0.0332	0.00126416	0.0879438
0.0333	0.00127002	0.0878771
0.0334	0.00127588	0.087808
0.0335	0.00128173	0.0877364
0.0336	0.00128757	0.0876623
0.0337	0.00129341	0.0875858
0.0338	0.00129925	0.0875068
0.0339	0.00130508	0.0874253
0.034	0.0013109	0.0873414
0.0341	0.00131672	0.087255
0.0342	0.00132253	0.0871662
0.0343	0.00132834	0.0870749
0.0344	0.00133414	0.0869812
0.0345	0.00133993	0.086885
0.0346	0.00134572	0.0867864
0.0347	0.0013515	0.0866853
0.0348	0.00135728	0.0865818
0.0349	0.00136304	0.0864759
0.035	0.0013688	0.0863675
0.0351	0.00137456	0.0862567
0.0352	0.0013803	0.0861435
0.0353	0.00138604	0.0860278
0.0354	0.00139177	0.0859097
0.0355	0.00139749	0.0857892
0.0356	0.0014032	0.0856663
0.0357	0.00140891	0.085541
0.0358	0.0014146	0.0854133
0.0359	0.00142029	0.0852831
0.036	0.00142597	0.0851506
0.0361	0.00143164	0.0850156
0.0362	0.0014373	0.0848783
0.0363	0.00144295	0.0847386
0.0364	0.00144859	0.0845965
0.0365	0.00145423	0.084452
0.0366	0.00145985	0.0843051
0.0367	0.00146546	0.0841558
0.0368	0.00147106	0.0840042
0.0369	0.00147666	0.0838502
0.037	0.00148224	0.0836939
0.0371	0.00148781	0.0835352
0.0372	0.00149337	0.0833741
0.0373	0.00149892	0.0832107
0.0374	0.00150446	0.0830449
0.0375	0.00150999	0.0828768
0.0376	0.0015155	0.0827063
0.0377	0.00152101	0.0825335
0.0378	0.0015265	0.0823584
0.0379	0.00153199	0.082181
0.038	0.00153745	0.0820012
0.0381	0.00154291	0.0818191
0.0382	0.00154836	0.0816347
0.0383	0.00155379	0.081448
0.0384	0.00155921	0.081259
0.0385	0.00156462	0.0810677
0.0386	0.00157001	0.0808741
0.0387	0.0015754	0.0806783
0.0388	0.00158076	0.0804801
0.0389	0.00158612	0.0802797
0.039	0.00159146	0.080077
0.0391	0.00159679	0.079872
0.0392	0.0016021	0.0796648
0.0393	0.0016074	0.0794553
0.0394	0.00161269	0.0792435
0.0395	0.00161796	0.0790295
0.0396	0.00162322	0.0788133
0.0397	0.00162846	0.0785949
0.0398	0.00163369	0.0783742
0.0399	0.00163891	0.0781513
0.04	0.00164411	0.0779262
0.0401	0.00164929	0.0776988
0.0402	0.00165446	0.0774693
0.0403	0.00165961	0.0772375
0.0404	0.00166475	0.0770036
0.0405	0.00166987	0.0767675
0.0406	0.00167498	0.0765292
0.0407	0.00168007	0.0762887
0.0408	0.00168514	0.0760461
0.0409	0.0016902	0.0758013
0.041	0.00169524	0.0755543
0.0411	0.00170026	0.0753052
0.0412	0.00170527	0.075054
0.0413	0.00171026	0.0748006
0.0414	0.00171523	0.0745451
0.0415	0.00172019	0.0742874
0.0416	0.00172513	0.0740277
0.0417	0.00173005	0.0737658
0.0418	0.00173496	0.0735018
0.0419	0.00173984	0.0732358
0.042	0.00174471	0.0729676
0.0421	0.00174956	0.0726974
0.0422	0.0017544	0.072425
0.0423	0.00175921	0.0721506
0.0424	0.00176401	0.0718742
0.0425	0.00176879	0.0715957
0.0426	0.00177354	0.0713151
0.0427	0.00177828	0.0710325
0.0428	0.00178301	0.0707479
0.0429	0.00178771	0.0704613
0.043	0.00179239	0.0701726
0.0431	0.00179705	0.0698819
0.0432	0.0018017	0.0695892
0.0433	0.00180632	0.0692945
0.0434	0.00181093	0.0689979
0.0435	0.00181551	0.0686992
0.0436	0.00182008	0.0683986
0.0437	0.00182462	0.068096
0.0438	0.00182915	0.0677914
0.0439	0.00183365	0.0674849
0.044	0.00183813	0.0671765
0.0441	0.0018426	0.0668661
0.0442	0.00184704	0.0665538
0.0443	0.00185146	0.0662395
0.0444	0.00185586	0.0659234
0.0445	0.00186024	0.0656054
0.0446	0.0018646	0.0652854
0.0447	0.00186893	0.0649636
0.0448	0.00187325	0.0646399
0.0449	0.00187754	0.0643143
0.045	0.00188181	0.0639869
0.0451	0.00188606	0.0636576
0.0452	0.00189029	0.0633265
0.0453	0.00189449	0.0629935
0.0454	0.00189868	0.0626587
0.0455	0.00190284	0.0623221
0.0456	0.00190698	0.0619837
0.0457	0.00191109	0.0616434
0.0458	0.00191518	0.0613014
0.0459	0.00191925	0.0609576
0.046	0.0019233	0.060612
0.0461	0.00192732	0.0602647
0.0462	0.00193132	0.0599155
0.0463	0.0019353	0.0595647
0.0464	0.00193925	0.0592121
0.0465	0.00194318	0.0588577
0.0466	0.00194709	0.0585017
0.0467	0.00195097	0.0581439
0.0468	0.00195483	0.0577844
0.0469	0.00195866	0.0574233
0.047	0.00196247	0.0570604
0.0471	0.00196626	0.0566959
0.0472	0.00197002	0.0563297
0.0473	0.00197376	0.0559618
0.0474	0.00197747	0.0555923
0.0475	0.00198116	0.0552212
0.0476	0.00198482	0.0548484
0.0477	0.00198846	0.054474
0.0478	0.00199207	0.054098
0.0479	0.00199566	0.0537204
0.048	0.00199922	0.0533412
0.0481	0.00200276	0.0529604
0.0482	0.00200627	0.052578
0.0483	0.00200975	0.0521941
0.0484	0.00201321	0.0518086
0.0485	0.00201665	0.0514216
0.0486	0.00202006	0.0510331
0.0487	0.00202344	0.050643
0.0488	0.0020268	0.0502514
0.0489	0.00203013	0.0498583
0.049	0.00203343	0.0494637
0.0491	0.00203671	0.0490677
0.0492	0.00203996	0.0486701
0.0493	0.00204318	0.0482711
0.0494	0.00204638	0.0478707
0.0495	0.00204955	0.0474688
0.0496	0.0020527	0.0470654
0.0497	0.00205582	0.0466607
0.0498	0.00205891	0.0462545
0.0499	0.00206197	0.0458469
0.05	0.002065	0.045438
0.0501	0.00206801	0.0450276
0.0502	0.00207099	0.0446159
0.0503	0.00207395	0.0442028
0.0504	0.00207687	0.0437884
0.0505	0.00207977	0.0433727
0.0506	0.00208264	0.0429556
0.0507	0.00208549	0.0425371
0.0508	0.0020883	0.0421174
0.0509	0.00209109	0.0416964
0.051	0.00209385	0.0412741
0.0511	0.00209658	0.0408505
0.0512	0.00209928	0.0404257
0.0513	0.00210195	0.0399996
0.0514	0.0021046	0.0395722
0.0515	0.00210721	0.0391437
0.0516	0.0021098	0.0387139
0.0517	0.00211236	0.0382829
0.0518	0.00211489	0.0378507
0.0519	0.00211739	0.0374173
0.052	0.00211987	0.0369827
0.0521	0.00212231	0.036547
0.0522	0.00212472	0.0361101
0.0523	0.00212711	0.035672
0.0524	0.00212947	0.0352329
0.0525	0.00213179	0.0347926
0.0526	0.00213409	0.0343512
0.0527	0.00213636	0.0339087
0.0528	0.0021386	0.0334651
0.0529	0.0021408	0.0330204
0.053	0.00214298	0.0325746
0.0531	0.00214513	0.0321279
0.0532	0.00214725	0.03168
0.0533	0.00214934	0.0312312
0.0534	0.0021514	0.0307813
0.0535	0.00215343	0.0303304
0.0536	0.00215543	0.0298785
0.0537	0.0021574	0.0294256
0.0538	0.00215934	0.0289717
0.0539	0.00216125	0.0285169
0.054	0.00216313	0.0280611
0.0541	0.00216497	0.0276044
0.0542	0.00216679	0.0271468
0.0543	0.00216858	0.0266882
0.0544	0.00217033	0.0262288
0.0545	0.00217206	0.0257684
0.0546	0.00217375	0.0253072
0.0547	0.00217542	0.024845
0.0548	0.00217705	0.0243821
0.0549	0.00217865	0.0239183
0.055	0.00218022	0.0234536
0.0551	0.00218176	0.0229881
0.0552	0.00218327	0.0225218
0.0553	0.00218475	0.0220547
0.0554	0.0021862	0.0215869
0.0555	0.00218761	0.0211182
0.0556	0.002189	0.0206488
0.0557	0.00219035	0.0201786
0.0558	0.00219167	0.0197077
0.0559	0.00219296	0.0192361
0.056	0.00219422	0.0187637
0.0561	0.00219545	0.0182907
0.0562	0.00219664	0.0178169
0.0563	0.00219781	0.0173425
0.0564	0.00219894	0.0168674
0.0565	0.00220004	0.0163916
0.0566	0.00220111	0.0159152
0.0567	0.00220215	0.0154382
0.0568	0.00220315	0.0149605
0.0569	0.00220413	0.0144822
0.057	0.00220507	0.0140034
0.0571	0.00220598	0.0135239
0.0572	0.00220685	0.0130439
0.0573	0.0022077	0.0125633
0.0574	0.00220851	0.0120822
0.0575	0.00220929	0.0116006
0.0576	0.00221004	0.0111184
0.0577	0.00221076	0.0106357
0.0578	0.00221145	0.0101525
0.0579	0.0022121	0.00966879
0.058	0.00221272	0.00918464
0.0581	0.00221331	0.00870002
0.0582	0.00221386	0.00821495
0.0583	0.00221439	0.00772945
0.0584	0.00221488	0.00724352
0.0585	0.00221533	0.00675717
0.0586	0.00221576	0.00627043
0.0587	0.00221615	0.00578329
0.0588	0.00221652	0.00529579
0.0589	0.00221684	0.00480791
0.059	0.00221714	0.00431969
0.0591	0.0022174	0.00383113
0.0592	0.00221763	0.00334224
0.0593	0.00221783	0.00285303
0.0594	0.002218	0.00236353
0.0595	0.00221813	0.00187373
0.0596	0.00221823	0.00138366
0.0597	0.0022183	0.000893323
0.0598	0.00221833	0.000402734
0.0599	0.00221834	-8.80943e-05
0.06	0.00221831	-0.00057915
0.0601	0.00221824	-0.00107042
0.0602	0.00221815	-0.00156189
0.0603	0.00221802	-0.00205356
0.0604	0.00221786	-0.0025454
0.0605	0.00221766	-0.00303741
0.0606	0.00221743	-0.00352956
0.0607	0.00221717	-0.00402186
0.0608	0.00221688	-0.00451429
0.0609	0.00221656	-0.00500683
0.061	0.0022162	-0.00549948
0.0611	0.00221581	-0.00599221
0.0612	0.00221538	-0.00648503
0.0613	0.00221492	-0.00697791
0.0614	0.00221443	-0.00747084
0.0615	0.00221391	-0.00796381
0.0616	0.00221336	-0.00845681
0.0617	0.00221277	-0.00894983
0.0618	0.00221215	-0.00944285
0.0619	0.00221149	-0.00993585
0.062	0.0022108	-0.0104288
0.0621	0.00221008	-0.0109218
0.0622	0.00220933	-0.0114147
0.0623	0.00220855	-0.0119075
0.0624	0.00220773	-0.0124003
0.0625	0.00220688	-0.012893
0.0626	0.00220599	-0.0133856
0.0627	0.00220507	-0.0138781
0.0628	0.00220412	-0.0143705
0.0629	0.00220314	-0.0148627
0.063	0.00220213	-0.0153548
0.0631	0.00220108	-0.0158467
0.0632	0.0022	-0.0163384
0.0633	0.00219888	-0.01683
0.0634	0.00219774	-0.0173214
0.0635	0.00219656	-0.0178125
0.0636	0.00219534	-0.0183035
0.0637	0.0021941	-0.0187942
0.0638	0.00219282	-0.0192847
0.0639	0.00219151	-0.0197749
0.064	0.00219017	-0.0202648
0.0641	0.00218879	-0.0207544
0.0642	0.00218739	-0.0212438
0.0643	0.00218594	-0.0217328
0.0644	0.00218447	-0.0222216
0.0645	0.00218297	-0.02271
0.0646	0.00218143	-0.023198
0.0647	0.00217986	-0.0236857
0.0648	0.00217825	-0.024173
0.0649	0.00217662	-0.02466
0.065	0.00217495	-0.0251465
0.0651	0.00217325	-0.0256326
0.0652	0.00217151	-0.0261184
0.0653	0.00216975	-0.0266036
0.0654	0.00216795	-0.0270885
0.0655	0.00216612	-0.0275729
0.0656	0.00216426	-0.0280568
0.0657	0.00216236	-0.0285402
0.0658	0.00216044	-0.0290232
0.0659	0.00215848	-0.0295056
0.066	0.00215649	-0.0299875
0.0661	0.00215446	-0.0304689
0.0662	0.00215241	-0.0309498
0.0663	0.00215032	-0.0314301
0.0664	0.0021482	-0.0319098
0.0665	0.00214605	-0.032389
0.0666	0.00214386	-0.0328675
0.0667	0.00214165	-0.0333455
0.0668	0.0021394	-0.0338228
0.0669	0.00213712	-0.0342995
0.067	0.00213481	-0.0347756
0.0671	0.00213247	-0.0352511
0.0672	0.0021301	-0.0357258
0.0673	0.00212769	-0.0361999
0.0674	0.00212525	-0.0366733
0.0675	0.00212279	-0.037146
0.0676	0.00212029	-0.037618
0.0677	0.00211775	-0.0380893
0.0678	0.00211519	-0.0385599
0.0679	0.0021126	-0.0390297
0.068	0.00210997	-0.0394987
0.0681	0.00210731	-0.039967
0.0682	0.00210463	-0.0404344
0.0683	0.00210191	-0.0409011
0.0684	0.00209916	-0.041367
0.0685	0.00209638	-0.0418321
0.0686	0.00209356	-0.0422963
0.0687	0.00209072	-0.0427597
0.0688	0.00208785	-0.0432223
0.0689	0.00208494	-0.043684
0.069	0.00208201	-0.0441448
0.0691	0.00207904	-0.0446047
0.0692	0.00207604	-0.0450637
0.0693	0.00207302	-0.0455218
0.0694	0.00206996	-0.045979
0.0695	0.00206687	-0.0464352
0.0696	0.00206375	-0.0468905
0.0697	0.0020606	-0.0473449
0.0698	0.00205742	-0.0477983
0.0699	0.00205422	-0.0482507
0.07	0.00205098	-0.0487021
0.0701	0.00204771	-0.0491525
0.0702	0.00204441	-0.0496019
0.0703	0.00204108	-0.0500502
0.0704	0.00203772	-0.0504976
0.0705	0.00203433	-0.0509438
0.0706	0.00203091	-0.0513891
0.0707	0.00202746	-0.0518332
0.0708	0.00202399	-0.0522763
0.0709	0.00202048	-0.0527182
0.071	0.00201694	-0.0531591
0.0711	0.00201338	-0.0535989
0.0712	0.00200978	-0.0540375
0.0713	0.00200616	-0.054475
0.0714	0.0020025	-0.0549113
0.0715	0.00199882	-0.0553465
0.0716	0.00199511	-0.0557805
0.0717	0.00199137	-0.0562133
0.0718	0.0019876	-0.0566449
0.0719	0.0019838	-0.0570754
0.072	0.00197997	-0.0575046
0.0721	0.00197612	-0.0579326
0.0722	0.00197223	-0.0583593
0.0723	0.00196832	-0.0587848
0.0724	0.00196438	-0.059209
0.0725	0.00196041	-0.059632
0.0726	0.00195642	-0.0600537
0.0727	0.00195239	-0.0604741
0.0728	0.00194834	-0.0608932
0.0729	0.00194426	-0.061311
0.073	0.00194015	-0.0617275
0.0731	0.00193601	-0.0621426
0.0732	0.00193185	-0.0625564
0.0733	0.00192766	-0.0629688
0.0734	0.00192344	-0.0633799
0.0735	0.0019192	-0.0637896
0.0736	0.00191492	-0.0641979
0.0737	0.00191062	-0.0646048
0.0738	0.00190629	-0.0650103
0.0739	0.00190194	-0.0654144
0.074	0.00189756	-0.0658171
0.0741	0.00189315	-0.0662183
0.0742	0.00188872	-0.0666181
0.0743	0.00188426	-0.0670164
0.0744	0.00187977	-0.0674133
0.0745	0.00187525	-0.0678086
0.0746	0.00187071	-0.0682025
0.0747	0.00186615	-0.0685949
0.0748	0.00186155	-0.0689858
0.0749	0.00185694	-0.0693752
0.075	0.00185229	-0.069763
0.0751	0.00184762	-0.0701494
0.0752	0.00184292	-0.0705341
0.0753	0.0018382	-0.0709173
0.0754	0.00183346	-0.071299
0.0755	0.00182868	-0.071679
0.0756	0.00182389	-0.0720575
0.0757	0.00181906	-0.0724344
0.0758	0.00181422	-0.0728097
0.0759	0.00180934	-0.0731833
0.076	0.00180445	-0.0735554
0.0761	0.00179952	-0.0739258
0.0762	0.00179458	-0.0742946
0.0763	0.0017896	-0.0746617
0.0764	0.00178461	-0.0750271
0.0765	0.00177959	-0.0753909
0.0766	0.00177454	-0.075753
0.0767	0.00176948	-0.0761134
0.0768	0.00176438	-0.0764722
0.0769	0.00175927	-0.0768292
0.077	0.00175413	-0.0771845
0.0771	0.00174896	-0.077538
0.0772	0.00174378	-0.0778899
0.0773	0.00173857	-0.07824
0.0774	0.00173333	-0.0785883
0.0775	0.00172808	-0.0789349
0.0776	0.0017228	-0.0792797
0.0777	0.00171749	-0.0796227
0.0778	0.00171217	-0.079964
0.0779	0.00170682	-0.0803034
0.078	0.00170145	-0.0806411
0.0781	0.00169606	-0.0809769
0.0782	0.00169064	-0.0813109
0.0783	0.00168521	-0.0816431
0.0784	0.00167975	-0.0819735
0.0785	0.00167426	-0.082302
0.0786	0.00166876	-0.0826286
0.0787	0.00166324	-0.0829534
0.0788	0.00165769	-0.0832763
0.0789	0.00165212	-0.0835973
0.079	0.00164653	-0.0839165
0.0791	0.00164092	-0.0842337
0.0792	0.00163529	-0.084549
0.0793	0.00162964	-0.0848625
0.0794	0.00162397	-0.085174
0.0795	0.00161827	-0.0854836
0.0796	0.00161256	-0.0857912
0.0797	0.00160682	-0.0860969
0.0798	0.00160107	-0.0864007
0.0799	0.00159529	-0.0867024
0.08	0.0015895	-0.0870023
0.0801	0.00158368	-0.0873001
0.0802	0.00157785	-0.087596
0.0803	0.00157199	-0.0878899
0.0804	0.00156612	-0.0881817
0.0805	0.00156023	-0.0884716
0.0806	0.00155431	-0.0887595
0.0807	0.00154838	-0.0890453
0.0808	0.00154243	-0.0893291
0.0809	0.00153646	-0.0896109
0.081	0.00153047	-0.0898907
0.0811	0.00152447	-0.0901684
0.0812	0.00151844	-0.090444
0.0813	0.0015124	-0.0907176
0.0814	0.00150634	-0.0909891
0.0815	0.00150026	-0.0912585
0.0816	0.00149416	-0.0915259
0.0817	0.00148804	-0.0917911
0.0818	0.00148191	-0.0920543
0.0819	0.00147576	-0.0923153
0.082	0.00146959	-0.0925743
0.0821	0.00146341	-0.0928311
0.0822	0.00145721	-0.0930858
0.0823	0.00145099	-0.0933384
0.0824	0.00144475	-0.0935889
0.0825	0.0014385	-0.0938372
0.0826	0.00143223	-0.0940833
0.0827	0.00142595	-0.0943273
0.0828	0.00141965	-0.0945691
0.0829	0.00141333	-0.0948088
0.083	0.001407	-0.0950463
0.0831	0.00140065	-0.0952816
0.0832	0.00139429	-0.0955148
0.0833	0.00138791	-0.0957457
0.0834	0.00138151	-0.0959744
0.0835	0.0013751	-0.096201
0.0836	0.00136868	-0.0964253
0.0837	0.00136224	-0.0966474
0.0838	0.00135579	-0.0968673
0.0839	0.00134932	-0.097085
0.084	0.00134283	-0.0973004
0.0841	0.00133634	-0.0975136
0.0842	0.00132982	-0.0977246
0.0843	0.0013233	-0.0979333
0.0844	0.00131676	-0.0981397
0.0845	0.00131021	-0.0983439
0.0846	0.00130364	-0.0985458
0.0847	0.00129706	-0.0987455
0.0848	0.00129047	-0.0989429
0.0849	0.00128386	-0.099138
0.085	0.00127724	-0.0993308
0.0851	0.00127061	-0.0995214
0.0852	0.00126397	-0.0997096
0.0853	0.00125731	-0.0998955
0.0854	0.00125064	-0.100079
0.0855	0.00124396	-0.10026
0.0856	0.00123727	-0.10044
0.0857	0.00123056	-0.100616
0.0858	0.00122385	-0.100791
0.0859	0.00121712	-0.100963
0.086	0.00121038	-0.101132
0.0861	0.00120363	-0.1013
0.0862	0.00119687	-0.101465
0.0863	0.00119009	-0.101627
0.0864	0.00118331	-0.101788
0.0865	0.00117652	-0.101946
0.0866	0.00116971	-0.102101
0.0867	0.0011629	-0.102255
0.0868	0.00115607	-0.102406
0.0869	0.00114924	-0.102554
0.087	0.00114239	-0.1027
0.0871	0.00113554	-0.102844
0.0872	0.00112868	-0.102986
0.0873	0.0011218	-0.103125
0.0874	0.00111492	-0.103261
0.0875	0.00110803	-0.103395
0.0876	0.00110113	-0.103527
0.0877	0.00109422	-0.103657
0.0878	0.00108731	-0.103784
0.0879	0.00108038	-0.103909
0.088	0.00107345	-0.104031
0.0881	0.00106651	-0.104151
0.0882	0.00105956	-0.104268
0.0883	0.0010526	-0.104383
0.0884	0.00104564	-0.104496
0.0885	0.00103866	-0.104606
0.0886	0.00103169	-0.104714
0.0887	0.0010247	-0.104819
0.0888	0.00101771	-0.104922
0.0889	0.00101071	-0.105022
0.089	0.0010037	-0.10512
0.0891	0.000996687	-0.105216
0.0892	0.000989668	-0.105309
0.0893	0.000982642	-0.1054
0.0894	0.000975611	-0.105488
0.0895	0.000968574	-0.105574
0.0896	0.000961532	-0.105657
0.0897	0.000954484	-0.105738
0.0898	0.000947431	-0.105816
0.0899	0.000940373	-0.105892
0.09	0.000933309	-0.105966
0.0901	0.000926242	-0.106037
0.0902	0.000919169	-0.106105
0.0903	0.000912092	-0.106171
0.0904	0.000905011	-0.106235
0.0905	0.000897925	-0.106296
0.0906	0.000890836	-0.106355
0.0907	0.000883743	-0.106411
0.0908	0.000876646	-0.106465
0.0909	0.000869545	-0.106516
0.091	0.000862442	-0.106565
0.0911	0.000855335	-0.106611
0.0912	0.000848226	-0.106655
0.0913	0.000841113	-0.106697
0.0914	0.000833998	-0.106736
0.0915	0.00082688	-0.106772
0.0916	0.000819761	-0.106806
0.0917	0.000812639	-0.106837
0.0918	0.000805515	-0.106866
0.0919	0.000798389	-0.106893
0.092	0.000791261	-0.106917
0.0921	0.000784133	-0.106938
0.0922	0.000777002	-0.106957
0.0923	0.000769871	-0.106974
0.0924	0.000762739	-0.106988
0.0925	0.000755606	-0.106999
0.0926	0.000748472	-0.107008
0.0927	0.000741337	-0.107015
0.0928	0.000734203	-0.107019
0.0929	0.000727068	-0.107021
0.093	0.000719934	-0.10702
0.0931	0.000712799	-0.107016
0.0932	0.000705665	-0.10701
0.0933	0.000698531	-0.107002
0.0934	0.000691398	-0.106991
0.0935	0.000684266	-0.106978
0.0936	0.000677135	-0.106962
0.0937	0.000670005	-0.106943
0.0938	0.000662877	-0.106923
0.0939	0.00065575	-0.106899
0.094	0.000648624	-0.106873
0.0941	0.000641501	-0.106845
0.0942	0.000634379	-0.106814
0.0943	0.00062726	-0.106781
0.0944	0.000620143	-0.106745
0.0945	0.000613029	-0.106707
0.0946	0.000605917	-0.106666
0.0947	0.000598808	-0.106623
0.0948	0.000591702	-0.106577
0.0949	0.000584599	-0.106529
0.095	0.0005775	-0.106478
0.0951	0.000570404	-0.106425
0.0952	0.000563312	-0.10637
0.0953	0.000556223	-0.106311
0.0954	0.000549139	-0.106251
0.0955	0.000542058	-0.106188
0.0956	0.000534983	-0.106122
0.0957	0.000527911	-0.106054
0.0958	0.000520844	-0.105984
0.0959	0.000513782	-0.105911
0.096	0.000506725	-0.105835
0.0961	0.000499674	-0.105757
0.0962	0.000492627	-0.105677
0.0963	0.000485586	-0.105594
0.0964	0.000478551	-0.105509
0.0965	0.000471521	-0.105421
0.0966	0.000464498	-0.105331
0.0967	0.00045748	-0.105238
0.0968	0.000450469	-0.105143
0.0969	0.000443464	-0.105046
0.097	0.000436466	-0.104946
0.0971	0.000429475	-0.104843
0.0972	0.000422491	-0.104738
0.0973	0.000415514	-0.104631
0.0974	0.000408544	-0.104521
0.0975	0.000401581	-0.104409
0.0976	0.000394626	-0.104294
0.0977	0.000387679	-0.104177
0.0978	0.00038074	-0.104058
0.0979	0.000373809	-0.103936
0.098	0.000366886	-0.103811
0.0981	0.000359972	-0.103685
0.0982	0.000353066	-0.103556
0.0983	0.000346169	-0.103424
0.0984	0.000339281	-0.10329
0.0985	0.000332401	-0.103154
0.0986	0.000325531	-0.103015
0.0987	0.000318671	-0.102874
0.0988	0.00031182	-0.10273
0.0989	0.000304978	-0.102584
0.099	0.000298147	-0.102436
0.0991	0.000291325	-0.102285
0.0992	0.000284514	-0.102132
0.0993	0.000277713	-0.101976
0.0994	0.000270923	-0.101818
0.0995	0.000264143	-0.101658
0.0996	0.000257374	-0.101496
0.0997	0.000250615	-0.101331
0.0998	0.000243868	-0.101163
0.0999	0.000237133	-0.100994
0.1	0.000230408	-0.100821
0.1001	0.000223696	-0.100647
0.1002	0.000216995	-0.10047
0.1003	0.000210306	-0.100291
0.1004	0.000203629	-0.10011
0.1005	0.000196964	-0.0999262
0.1006	0.000190311	-0.0997401
0.1007	0.000183672	-0.0995518
0.1008	0.000177044	-0.0993611
0.1009	0.00017043	-0.0991681
0.101	0.000163828	-0.0989728
0.1011	0.00015724	-0.0987752
0.1012	0.000150665	-0.0985753
0.1013	0.000144104	-0.0983731
0.1014	0.000137556	-0.0981687
0.1015	0.000131021	-0.0979619
0.1016	0.000124501	-0.0977529
0.1017	0.000117995	-0.0975416
0.1018	0.000111503	-0.097328
0.1019	0.000105025	-0.0971122
0.102	9.85618e-05	-0.0968941
0.1021	9.21132e-05	-0.0966738
0.1022	8.56794e-05	-0.0964512
0.1023	7.92606e-05	-0.0962264
0.1024	7.28569e-05	-0.0959994
0.1025	6.64684e-05	-0.0957701
0.1026	6.00953e-05	-0.0955386
0.1027	5.37378e-05	-0.0953049
0.1028	4.7396e-05	-0.095069
0.1029	4.10699e-05	-0.0948309
0.103	3.47599e-05	-0.0945906
0.1031	2.8466e-05	-0.0943481
0.1032	2.21884e-05	-0.0941034
0.1033	1.59272e-05	-0.0938565
0.1034	9.68261e-06	-0.0936074
0.1035	3.4547e-06	-0.0933562
0.1036	-2.75635e-06	-0.0931028
0.1037	-8.95041e-06	-0.0928473
0.1038	-1.51273e-05	-0.0925896
0.1039	-2.12869e-05	-0.0923298
0.104	-2.74291e-05	-0.0920678
0.1041	-3.35537e-05	-0.0918037
0.1042	-3.96606e-05	-0.0915374
0.1043	-4.57497e-05	-0.0912691
0.1044	-5.18207e-05	-0.0909986
0.1045	-5.78737e-05	-0.0907261
0.1046	-6.39083e-05	-0.0904514
0.1047	-6.99245e-05	-0.0901746
0.1048	-7.59222e-05	-0.0898958
0.1049	-8.19012e-05	-0.0896149
0.105	-8.78613e-05	-0.0893319
0.1051	-9.38025e-05	-0.0890468
0.1052	-9.97246e-05	-0.0887597
0.1053	-0.000105627	-0.0884706
0.1054	-0.000111511	-0.0881794
0.1055	-0.000117375	-0.0878861
0.1056	-0.000123219	-0.0875909
0.1057	-0.000129044	-0.0872936
0.1058	-0.000134848	-0.0869943
0.1059	-0.000140633	-0.086693
0.106	-0.000146397	-0.0863897
0.1061	-0.000152141	-0.0860844
0.1062	-0.000157864	-0.0857771
0.1063	-0.000163567	-0.0854678
0.1064	-0.00016925	-0.0851566
0.1065	-0.000174911	-0.0848434
0.1066	-0.000180552	-0.0845283
0.1067	-0.000186171	-0.0842112
0.1068	-0.000191769	-0.0838922
0.1069	-0.000197346	-0.0835712
0.107	-0.000202901	-0.0832484
0.1071	-0.000208435	-0.0829236
0.1072	-0.000213946	-0.0825969
0.1073	-0.000219436	-0.0822683
0.1074	-0.000224904	-0.0819378
0.1075	-0.00023035	-0.0816054
0.1076	-0.000235774	-0.0812712
0.1077	-0.000241175	-0.0809351
0.1078	-0.000246554	-0.0805971
0.1079	-0.00025191	-0.0802573
0.108	-0.000257243	-0.0799157
0.1081	-0.000262554	-0.0795722
0.1082	-0.000267841	-0.0792269
0.1083	-0.000273106	-0.0788798
0.1084	-0.000278347	-0.0785308
0.1085	-0.000283565	-0.0781801
0.1086	-0.000288759	-0.0778276
0.1087	-0.00029393	-0.0774733
0.1088	-0.000299077	-0.0771173
0.1089	-0.0003042	-0.0767594
0.109	-0.000309299	-0.0763998
0.1091	-0.000314374	-0.0760385
0.1092	-0.000319425	-0.0756755
0.1093	-0.000324452	-0.0753107
0.1094	-0.000329454	-0.0749442
0.1095	-0.000334432	-0.0745759
0.1096	-0.000339385	-0.074206
0.1097	-0.000344314	-0.0738344
0.1098	-0.000349217	-0.0734611
0.1099	-0.000354096	-0.0730862
0.11	-0.00035895	-0.0727096
0.1101	-0.000363778	-0.0723313
0.1102	-0.000368581	-0.0719513
0.1103	-0.000373359	-0.0715698
0.1104	-0.000378111	-0.0711866
0.1105	-0.000382837	-0.0708018
0.1106	-0.000387538	-0.0704154
0.1107	-0.000392213	-0.0700274
0.1108	-0.000396862	-0.0696378
0.1109	-0.000401485	-0.0692466
0.111	-0.000406081	-0.0688539
0.1111	-0.000410652	-0.0684596
0.1112	-0.000415196	-0.0680638
0.1113	-0.000419714	-0.0676664
0.1114	-0.000424205	-0.0672675
0.1115	-0.000428669	-0.066867
0.1116	-0.000433107	-0.0664651
0.1117	-0.000437518	-0.0660616
0.1118	-0.000441901	-0.0656567
0.1119	-0.000446258	-0.0652503
0.112	-0.000450588	-0.0648424
0.1121	-0.00045489	-0.0644331
0.1122	-0.000459165	-0.0640223
0.1123	-0.000463412	-0.0636101
0.1124	-0.000467632	-0.0631964
0.1125	-0.000471824	-0.0627813
0.1126	-0.000475989	-0.0623648
0.1127	-0.000480126	-0.061947
0.1128	-0.000484234	-0.0615277
0.1129	-0.000488315	-0.061107
0.113	-0.000492368	-0.060685
0.1131	-0.000496392	-0.0602616
0.1132	-0.000500388	-0.0598369
0.1133	-0.000504356	-0.0594109
0.1134	-0.000508295	-0.0589835
0.1135	-0.000512206	-0.0585548
0.1136	-0.000516088	-0.0581248
0.1137	-0.000519942	-0.0576935
0.1138	-0.000523766	-0.0572609
0.1139	-0.000527562	-0.0568271
0.114	-0.000531328	-0.056392
0.1141	-0.000535066	-0.0559556
0.1142	-0.000538774	-0.055518
0.1143	-0.000542454	-0.0550792
0.1144	-0.000546103	-0.0546392
0.1145	-0.000549724	-0.0541979
0.1146	-0.000553315	-0.0537555
0.1147	-0.000556876	-0.0533119
0.1148	-0.000560408	-0.0528671
0.1149	-0.00056391	-0.0524211
0.115	-0.000567383	-0.051974
0.1151	-0.000570825	-0.0515257
0.1152	-0.000574237	-0.0510763
0.1153	-0.00057762	-0.0506258
0.1154	-0.000580972	-0.0501742
0.1155	-0.000584295	-0.0497215
0.1156	-0.000587587	-0.0492677
0.1157	-0.000590848	-0.0488128
0.1158	-0.00059408	-0.0483569
0.1159	-0.00059728	-0.0478999
0.116	-0.000600451	-0.0474419
0.1161	-0.000603591	-0.0469828
0.1162	-0.0006067	-0.0465227
0.1163	-0.000609778	-0.0460617
0.1164	-0.000612826	-0.0455996
0.1165	-0.000615842	-0.0451365
0.1166	-0.000618828	-0.0446725
0.1167	-0.000621783	-0.0442075
0.1168	-0.000624707	-0.0437416
0.1169	-0.000627599	-0.0432747
0.117	-0.000630461	-0.0428069
0.1171	-0.000633291	-0.0423382
0.1172	-0.00063609	-0.0418686
0.1173	-0.000638858	-0.0413981
0.1174	-0.000641594	-0.0409267
0.1175	-0.000644299	-0.0404545
0.1176	-0.000646972	-0.0399813
0.1177	-0.000649614	-0.0395074
0.1178	-0.000652224	-0.0390326
0.1179	-0.000654802	-0.038557
0.118	-0.000657349	-0.0380806
0.1181	-0.000659863	-0.0376034
0.1182	-0.000662346	-0.0371254
0.1183	-0.000664797	-0.0366466
0.1184	-0.000667216	-0.0361671
0.1185	-0.000669603	-0.0356868
0.1186	-0.000671958	-0.0352058
0.1187	-0.000674281	-0.0347241
0.1188	-0.000676572	-0.0342416
0.1189	-0.00067883	-0.0337585
0.119	-0.000681057	-0.0332746
0.1191	-0.000683251	-0.0327901
0.1192	-0.000685412	-0.0323049
0.1193	-0.000687542	-0.0318191
0.1194	-0.000689638	-0.0313326
0.1195	-0.000691703	-0.0308455
0.1196	-0.000693735	-0.0303577
0.1197	-0.000695734	-0.0298694
0.1198	-0.000697701	-0.0293805
0.1199	-0.000699635	-0.028891
0.12	-0.000701536	-0.0284009
0.1201	-0.000703405	-0.0279103
0.1202	-0.000705241	-0.0274191
0.1203	-0.000707044	-0.0269274
0.1204	-0.000708815	-0.0264351
0.1205	-0.000710552	-0.0259424
0.1206	-0.000712257	-0.0254491
0.1207	-0.000713929	-0.0249554
0.1208	-0.000715568	-0.0244612
0.1209	-0.000717174	-0.0239666
0.121	-0.000718747	-0.0234715
0.1211	-0.000720287	-0.022976
0.1212	-0.000721794	-0.02248
0.1213	-0.000723267	-0.0219836
0.1214	-0.000724708	-0.0214869
0.1215	-0.000726115	-0.0209897
0.1216	-0.00072749	-0.0204922
0.1217	-0.000728831	-0.0199943
0.1218	-0.000730139	-0.0194961
0.1219	-0.000731414	-0.0189975
0.122	-0.000732655	-0.0184986
0.1221	-0.000733863	-0.0179994
0.1222	-0.000735038	-0.0174999
0.1223	-0.00073618	-0.0170001
0.1224	-0.000737288	-0.0165001
0.1225	-0.000738363	-0.0159997
0.1226	-0.000739404	-0.0154992
0.1227	-0.000740412	-0.0149984
0.1228	-0.000741387	-0.0144973
0.1229	-0.000742328	-0.0139961
0.123	-0.000743236	-0.0134946
0.1231	-0.000744111	-0.012993
0.1232	-0.000744952	-0.0124912
0.1233	-0.000745759	-0.0119892
0.1234	-0.000746533	-0.0114871
0.1235	-0.000747274	-0.0109848
0.1236	-0.000747981	-0.0104825
0.1237	-0.000748655	-0.00997996
0.1238	-0.000749295	-0.00947737
0.1239	-0.000749901	-0.00897468
0.124	-0.000750475	-0.00847192
0.1241	-0.000751014	-0.0079691
0.1242	-0.00075152	-0.00746623
0.1243	-0.000751993	-0.00696332
0.1244	-0.000752432	-0.00646038
0.1245	-0.000752837	-0.00595744
0.1246	-0.000753209	-0.00545449
0.1247	-0.000753547	-0.00495155
0.1248	-0.000753852	-0.00444864
0.1249	-0.000754123	-0.00394577
0.125	-0.000754361	-0.00344294
0.1251	-0.000754566	-0.00294018
0.1252	-0.000754736	-0.00243749
0.1253	-0.000754874	-0.00193489
0.1254	-0.000754977	-0.00143239
0.1255	-0.000755048	-0.000929997
0.1256	-0.000755084	-0.000427732
0.1257	-0.000755088	7.43973e-05
0.1258	-0.000755058	0.000576377
0.1259	-0.000754994	0.00107819
0.126	-0.000754897	0.00157984
0.1261	-0.000754766	0.0020813
0.1262	-0.000754602	0.00258255
0.1263	-0.000754405	0.0030836
0.1264	-0.000754174	0.00358442
0.1265	-0.00075391	0.00408501
0.1266	-0.000753613	0.00458535
0.1267	-0.000753282	0.00508542
0.1268	-0.000752918	0.00558523
0.1269	-0.00075252	0.00608474
0.127	-0.00075209	0.00658396
0.1271	-0.000751626	0.00708287
0.1272	-0.000751129	0.00758146
0.1273	-0.000750598	0.00807971
0.1274	-0.000750034	0.00857761
0.1275	-0.000749438	0.00907515
0.1276	-0.000748808	0.00957232
0.1277	-0.000748145	0.0100691
0.1278	-0.000747448	0.0105655
0.1279	-0.000746719	0.0110615
0.128	-0.000745957	0.011557
0.1281	-0.000745161	0.0120521
0.1282	-0.000744333	0.0125468
0.1283	-0.000743472	0.013041
0.1284	-0.000742578	0.0135348
0.1285	-0.000741651	0.014028
0.1286	-0.000740691	0.0145208
0.1287	-0.000739698	0.0150131
0.1288	-0.000738672	0.0155048
0.1289	-0.000737614	0.015996
0.129	-0.000736523	0.0164867
0.1291	-0.000735399	0.0169768
0.1292	-0.000734243	0.0174663
0.1293	-0.000733054	0.0179553
0.1294	-0.000731832	0.0184437
0.1295	-0.000730578	0.0189314
0.1296	-0.000729292	0.0194186
0.1297	-0.000727973	0.0199051
0.1298	-0.000726621	0.020391
0.1299	-0.000725237	0.0208762
0.13	-0.000723821	0.0213607
0.1301	-0.000722373	0.0218446
0.1302	-0.000720892	0.0223278
0.1303	-0.00071938	0.0228103
0.1304	-0.000717835	0.0232921
0.1305	-0.000716258	0.0237731
0.1306	-0.000714649	0.0242534
0.1307	-0.000713008	0.024733
0.1308	-0.000711335	0.0252118
0.1309	-0.00070963	0.0256898
0.131	-0.000707894	0.0261671
0.1311	-0.000706125	0.0266435
0.1312	-0.000704325	0.0271192
0.1313	-0.000702493	0.027594
0.1314	-0.00070063	0.028068
0.1315	-0.000698735	0.0285411
0.1316	-0.000696808	0.0290134
0.1317	-0.00069485	0.0294848
0.1318	-0.000692861	0.0299554
0.1319	-0.000690841	0.030425
0.132	-0.000688789	0.0308938
0.1321	-0.000686706	0.0313616
0.1322	-0.000684591	0.0318285
0.1323	-0.000682446	0.0322945
0.1324	-0.00068027	0.0327595
0.1325	-0.000678062	0.0332236
0.1326	-0.000675824	0.0336867
0.1327	-0.000673555	0.0341488
0.1328	-0.000671256	0.0346099
0.1329	-0.000668925	0.03507
0.133	-0.000666564	0.0355291
0.1331	-0.000664172	0.0359872
0.1332	-0.00066175	0.0364442
0.1333	-0.000659298	0.0369002
0.1334	-0.000656815	0.0373551
0.1335	-0.000654302	0.037809
0.1336	-0.000651758	0.0382617
0.1337	-0.000649185	0.0387134
0.1338	-0.000646581	0.0391639
0.1339	-0.000643948	0.0396134
0.134	-0.000641285	0.0400617
0.1341	-0.000638591	0.0405088
0.1342	-0.000635868	0.0409549
0.1343	-0.000633116	0.0413997
0.1344	-0.000630333	0.0418434
0.1345	-0.000627522	0.0422859
0.1346	-0.00062468	0.0427272
0.1347	-0.00062181	0.0431672
0.1348	-0.00061891	0.0436061
0.1349	-0.000615981	0.0440437
0.135	-0.000613023	0.0444801
0.1351	-0.000610035	0.0449153
0.1352	-0.000607019	0.0453492
0.1353	-0.000603974	0.0457818
0.1354	-0.0006009	0.0462131
0.1355	-0.000597798	0.0466432
0.1356	-0.000594667	0.0470719
0.1357	-0.000591507	0.0474993
0.1358	-0.000588319	0.0479254
0.1359	-0.000585103	0.0483502
0.136	-0.000581858	0.0487736
0.1361	-0.000578586	0.0491956
0.1362	-0.000575285	0.0496163
0.1363	-0.000571956	0.0500356
0.1364	-0.000568599	0.0504536
0.1365	-0.000565215	0.0508701
0.1366	-0.000561802	0.0512852
0.1367	-0.000558363	0.0516989
0.1368	-0.000554895	0.0521112
0.1369	-0.000551401	0.052522
0.137	-0.000547879	0.0529314
0.1371	-0.000544329	0.0533393
0.1372	-0.000540753	0.0537457
0.1373	-0.00053715	0.0541507
0.1374	-0.000533519	0.0545542
0.1375	-0.000529862	0.0549562
0.1376	-0.000526178	0.0553566
0.1377	-0.000522468	0.0557556
0.1378	-0.000518731	0.056153
0.1379	-0.000514967	0.0565489
0.138	-0.000511178	0.0569432
0.1381	-0.000507362	0.057336
0.1382	-0.00050352	0.0577272
0.1383	-0.000499651	0.0581168
0.1384	-0.000495757	0.0585048
0.1385	-0.000491838	0.0588913
0.1386	-0.000487892	0.0592761
0.1387	-0.000483921	0.0596593
0.1388	-0.000479925	0.0600409
0.1389	-0.000475903	0.0604208
0.139	-0.000471856	0.0607991
0.1391	-0.000467784	0.0611758
0.1392	-0.000463687	0.0615508
0.1393	-0.000459564	0.0619241
0.1394	-0.000455417	0.0622957
0.1395	-0.000451246	0.0626657
0.1396	-0.00044705	0.0630339
0.1397	-0.000442829	0.0634004
0.1398	-0.000438584	0.0637652
0.1399	-0.000434315	0.0641283
0.14	-0.000430021	0.0644896
0.1401	-0.000425704	0.0648492
0.1402	-0.000421363	0.0652071
0.1403	-0.000416998	0.0655631
0.1404	-0.000412609	0.0659175
0.1405	-0.000408197	0.06627
0.1406	-0.000403761	0.0666207
0.1407	-0.000399302	0.0669696
0.1408	-0.00039482	0.0673168
0.1409	-0.000390315	0.0676621
0.141	-0.000385787	0.0680056
0.1411	-0.000381236	0.0683472
0.1412	-0.000376662	0.068687
0.1413	-0.000372066	0.069025
0.1414	-0.000367448	0.0693611
0.1415	-0.000362807	0.0696953
0.1416	-0.000358144	0.0700277
0.1417	-0.000353459	0.0703582
0.1418	-0.000348751	0.0706867
0.1419	-0.000344023	0.0710134
0.142	-0.000339272	0.0713382
0.1421	-0.0003345	0.0716611
0.1422	-0.000329706	0.071982
0.1423	-0.000324892	0.072301
0.1424	-0.000320056	0.0726181
0.1425	-0.000315199	0.0729332
0.1426	-0.000310321	0.0732464
0.1427	-0.000305422	0.0735576
0.1428	-0.000300502	0.0738668
0.1429	-0.000295563	0.0741741
0.143	-0.000290602	0.0744793
0.1431	-0.000285622	0.0747826
0.1432	-0.000280621	0.0750839
0.1433	-0.0002756	0.0753832
0.1434	-0.00027056	0.0756804
0.1435	-0.0002655	0.0759757
0.1436	-0.00026042	0.0762689
0.1437	-0.000255321	0.07656
0.1438	-0.000250202	0.0768491
0.1439	-0.000245064	0.0771362
0.144	-0.000239908	0.0774212
0.1441	-0.000234732	0.0777041
0.1442	-0.000229538	0.077985
0.1443	-0.000224325	0.0782638
0.1444	-0.000219093	0.0785405
0.1445	-0.000213843	0.0788151
0.1446	-0.000208575	0.0790876
0.1447	-0.000203289	0.079358
0.1448	-0.000197985	0.0796263
0.1449	-0.000192663	0.0798925
0.145	-0.000187324	0.0801565
0.1451	-0.000181967	0.0804184
0.1452	-0.000176593	0.0806782
0.1453	-0.000171201	0.0809358
0.1454	-0.000165792	0.0811913
0.1455	-0.000160367	0.0814446
0.1456	-0.000154925	0.0816957
0.1457	-0.000149466	0.0819447
0.1458	-0.00014399	0.0821915
0.1459	-0.000138499	0.0824361
0.146	-0.000132991	0.0826786
0.1461	-0.000127467	0.0829188
0.1462	-0.000121927	0.0831568
0.1463	-0.000116371	0.0833926
0.1464	-0.0001108	0.0836262
0.1465	-0.000105213	0.0838576
0.1466	-9.96111e-05	0.0840868
0.1467	-9.39939e-05	0.0843137
0.1468	-8.83617e-05	0.0845384
0.1469	-8.27146e-05	0.0847609
0.147	-7.70528e-05	0.0849811
0.1471	-7.13764e-05	0.085199
0.1472	-6.56856e-05	0.0854147
0.1473	-5.99806e-05	0.0856282
0.1474	-5.42614e-05	0.0858393
0.1475	-4.85283e-05	0.0860482
0.1476	-4.27813e-05	0.0862548
0.1477	-3.70207e-05	0.0864592
0.1478	-3.12466e-05	0.0866612
0.1479	-2.54591e-05	0.086861
0.148	-1.96585e-05	0.0870584
0.1481	-1.38447e-05	0.0872536
0.1482	-8.01812e-06	0.0874464
0.1483	-2.17877e-06	0.0876369
0.1484	3.67317e-06	0.0878251
0.1485	9.53754e-06	0.088011
0.1486	1.54142e-05	0.0881946
0.1487	2.1303e-05	0.0883758
0.1488	2.72037e-05	0.0885547
0.1489	3.31162e-05	0.0887313
0.149	3.90404e-05	0.0889055
0.1491	4.49761e-05	0.0890773
0.1492	5.09231e-05	0.0892469
0.1493	5.68813e-05	0.089414
0.1494	6.28506e-05	0.0895788
0.1495	6.88307e-05	0.0897412
0.1496	7.48215e-05	0.0899013
0.1497	8.08229e-05	0.090059
0.1498	8.68346e-05	0.0902143
0.1499	9.28566e-05	0.0903672
0.15	9.88887e-05	0.0905177
0.1501	0.000104931	0.0906659
0.1502	0.000110982	0.0908116
0.1503	0.000117044	0.090955
0.1504	0.000123115	0.091096
0.1505	0.000129195	0.0912345
0.1506	0.000135284	0.0913707
0.1507	0.000141382	0.0915045
0.1508	0.000147489	0.0916358
0.1509	0.000153604	0.0917647
0.151	0.000159728	0.0918912
0.1511	0.000165861	0.0920153
0.1512	0.000172001	0.092137
0.1513	0.00017815	0.0922562
0.1514	0.000184306	0.092373
0.1515	0.00019047	0.0924874
0.1516	0.000196641	0.0925993
0.1517	0.00020282	0.0927088
0.1518	0.000209006	0.0928158
0.1519	0.000215199	0.0929204
0.152	0.000221399	0.0930226
0.1521	0.000227606	0.0931223
0.1522	0.000233819	0.0932196
0.1523	0.000240038	0.0933144
0.1524	0.000246264	0.0934067
0.1525	0.000252495	0.0934966
0.1526	0.000258733	0.0935841
0.1527	0.000264976	0.093669
0.1528	0.000271225	0.0937515
0.1529	0.000277479	0.0938316
0.153	0.000283738	0.0939091
0.1531	0.000290003	0.0939842
0.1532	0.000296272	0.0940569
0.1533	0.000302546	0.094127
0.1534	0.000308825	0.0941947
0.1535	0.000315108	0.0942599
0.1536	0.000321395	0.0943226
0.1537	0.000327686	0.0943828
0.1538	0.000333981	0.0944406
0.1539	0.00034028	0.0944959
0.154	0.000346582	0.0945487
0.1541	0.000352888	0.094599
0.1542	0.000359197	0.0946468
0.1543	0.000365509	0.0946921
0.1544	0.000371824	0.094735
0.1545	0.000378142	0.0947753
0.1546	0.000384462	0.0948132
0.1547	0.000390785	0.0948486
0.1548	0.00039711	0.0948814
0.1549	0.000403437	0.0949118
0.155	0.000409766	0.0949397
0.1551	0.000416096	0.0949651
0.1552	0.000422429	0.094988
0.1553	0.000428762	0.0950084
0.1554	0.000435097	0.0950263
0.1555	0.000441433	0.0950417
0.1556	0.00044777	0.0950547
0.1557	0.000454107	0.0950651
0.1558	0.000460445	0.095073
0.1559	0.000466784	0.0950784
0.156	0.000473123	0.0950814
0.1561	0.000479461	0.0950818
0.1562	0.0004858	0.0950797
0.1563	0.000492139	0.0950752
0.1564	0.000498477	0.0950681
0.1565	0.000504814	0.0950585
0.1566	0.000511151	0.0950465
0.1567	0.000517486	0.0950319
0.1568	0.000523821	0.0950149
0.1569	0.000530154	0.0949954
0.157	0.000536486	0.0949733
0.1571	0.000542817	0.0949488
0.1572	0.000549145	0.0949218
0.1573	0.000555472	0.0948923
0.1574	0.000561797	0.0948603
0.1575	0.000568119	0.0948258
0.1576	0.000574439	0.0947888
0.1577	0.000580756	0.0947493
0.1578	0.000587071	0.0947074
0.1579	0.000593382	0.0946629
0.158	0.000599691	0.094616
0.1581	0.000605996	0.0945666
0.1582	0.000612298	0.0945147
0.1583	0.000618596	0.0944603
0.1584	0.000624891	0.0944034
0.1585	0.000631181	0.0943441
0.1586	0.000637468	0.0942823
0.1587	0.00064375	0.094218
0.1588	0.000650028	0.0941512
0.1589	0.000656301	0.094082
0.159	0.00066257	0.0940103
0.1591	0.000668833	0.0939361
0.1592	0.000675092	0.0938595
0.1593	0.000681345	0.0937804
0.1594	0.000687593	0.0936988
0.1595	0.000693836	0.0936148
0.1596	0.000700072	0.0935283
0.1597	0.000706303	0.0934394
0.1598	0.000712528	0.093348
0.1599	0.000718746	0.0932541
0.16	0.000724959	0.0931578
0.1601	0.000731164	0.0930591
0.1602	0.000737363	0.0929579
0.1603	0.000743555	0.0928543
0.1604	0.00074974	0.0927482
0.1605	0.000755918	0.0926397
0.1606	0.000762088	0.0925288
0.1607	0.000768251	0.0924155
0.1608	0.000774407	0.0922997
0.1609	0.000780554	0.0921815
0.161	0.000786693	0.0920608
0.1611	0.000792825	0.0919378
0.1612	0.000798947	0.0918123
0.1613	0.000805062	0.0916845
0.1614	0.000811168	0.0915542
0.1615	0.000817265	0.0914215
0.1616	0.000823353	0.0912864
0.1617	0.000829432	0.0911489
0.1618	0.000835501	0.091009
0.1619	0.000841561	0.0908668
0.162	0.000847612	0.0907221
0.1621	0.000853653	0.0905751
0.1622	0.000859684	0.0904257
0.1623	0.000865704	0.0902739
0.1624	0.000871715	0.0901197
0.1625	0.000877715	0.0899632
0.1626	0.000883705	0.0898043
0.1627	0.000889683	0.089643
0.1628	0.000895651	0.0894794
0.1629	0.000901608	0.0893134
0.163	0.000907554	0.0891451
0.1631	0.000913489	0.0889744
0.1632	0.000919412	0.0888014
0.1633	0.000925323	0.0886261
0.1634	0.000931223	0.0884485
0.1635	0.00093711	0.0882685
0.1636	0.000942986	0.0880862
0.1637	0.000948849	0.0879015
0.1638	0.000954699	0.0877146
0.1639	0.000960538	0.0875254
0.164	0.000966363	0.0873338
0.1641	0.000972176	0.08714
0.1642	0.000977975	0.0869438
0.1643	0.000983761	0.0867454
0.1644	0.000989534	0.0865447
0.1645	0.000995294	0.0863417
0.1646	0.00100104	0.0861365
0.1647	0.00100677	0.0859289
0.1648	0.00101249	0.0857192
0.1649	0.00101819	0.0855071
0.165	0.00102388	0.0852928
0.1651	0.00102956	0.0850763
0.1652	0.00103522	0.0848575
0.1653	0.00104087	0.0846365
0.1654	0.0010465	0.0844133
0.1655	0.00105211	0.0841878
0.1656	0.00105771	0.0839601
0.1657	0.0010633	0.0837302
0.1658	0.00106887	0.0834982
0.1659	0.00107443	0.0832639
0.166	0.00107996	0.0830274
0.1661	0.00108549	0.0827887
0.1662	0.00109099	0.0825478
0.1663	0.00109649	0.0823048
0.1664	0.00110196	0.0820596
0.1665	0.00110742	0.0818122
0.1666	0.00111286	0.0815627
0.1667	0.00111829	0.081311
0.1668	0.00112369	0.0810572
0.1669	0.00112908	0.0808012
0.167	0.00113446	0.0805431
0.1671	0.00113981	0.0802829
0.1672	0.00114515	0.0800206
0.1673	0.00115048	0.0797561
0.1674	0.00115578	0.0794896
0.1675	0.00116106	0.0792209
0.1676	0.00116633	0.0789502
0.1677	0.00117158	0.0786774
0.1678	0.00117681	0.0784025
0.1679	0.00118203	0.0781255
0.168	0.00118722	0.0778464
0.1681	0.0011924	0.0775653
0.1682	0.00119755	0.0772822
0.1683	0.00120269	0.076997
0.1684	0.00120781	0.0767098
0.1685	0.00121291	0.0764205
0.1686	0.00121799	0.0761292
0.1687	0.00122305	0.0758359
0.1688	0.00122809	0.0755407
0.1689	0.00123311	0.0752434
0.169	0.00123811	0.0749441
0.1691	0.00124309	0.0746428
0.1692	0.00124806	0.0743396
0.1693	0.001253	0.0740343
0.1694	0.00125792	0.0737272
0.1695	0.00126282	0.073418
0.1696	0.0012677	0.073107
0.1697	0.00127255	0.072794
0.1698	0.00127739	0.072479
0.1699	0.00128221	0.0721622
0.17	0.001287	0.0718434
0.1701	0.00129177	0.0715227
0.1702	0.00129653	0.0712001
0.1703	0.00130126	0.0708757
0.1704	0.00130597	0.0705493
0.1705	0.00131065	0.0702211
0.1706	0.00131532	0.069891
0.1707	0.00131996	0.0695591
0.1708	0.00132458	0.0692253
0.1709	0.00132918	0.0688896
0.171	0.00133375	0.0685522
0.1711	0.00133831	0.0682129
0.1712	0.00134284	0.0678718
0.1713	0.00134735	0.0675289
0.1714	0.00135183	0.0671842
0.1715	0.00135629	0.0668377
0.1716	0.00136073	0.0664894
0.1717	0.00136515	0.0661394
0.1718	0.00136954	0.0657876
0.1719	0.00137391	0.0654341
0.172	0.00137825	0.0650788
0.1721	0.00138257	0.0647217
0.1722	0.00138687	0.064363
0.1723	0.00139114	0.0640025
0.1724	0.00139539	0.0636403
0.1725	0.00139961	0.0632765
0.1726	0.00140381	0.0629109
0.1727	0.00140799	0.0625436
0.1728	0.00141214	0.0621747
0.1729	0.00141627	0.0618041
0.173	0.00142037	0.0614319
0.1731	0.00142444	0.061058
0.1732	0.0014285	0.0606825
0.1733	0.00143252	0.0603054
0.1734	0.00143652	0.0599266
0.1735	0.0014405	0.0595463
0.1736	0.00144445	0.0591643
0.1737	0.00144838	0.0587808
0.1738	0.00145228	0.0583957
0.1739	0.00145615	0.058009
0.174	0.00146	0.0576208
0.1741	0.00146382	0.057231
0.1742	0.00146761	0.0568397
0.1743	0.00147138	0.0564468
0.1744	0.00147513	0.0560525
0.1745	0.00147884	0.0556566
0.1746	0.00148253	0.0552592
0.1747	0.0014862	0.0548604
0.1748	0.00148984	0.0544601
0.1749	0.00149345	0.0540583
0.175	0.00149703	0.053655
0.1751	0.00150059	0.0532503
0.1752	0.00150412	0.0528441
0.1753	0.00150762	0.0524366
0.1754	0.00151109	0.0520276
0.1755	0.00151454	0.0516172
0.1756	0.00151796	0.0512054
0.1757	0.00152136	0.0507922
0.1758	0.00152472	0.0503777
0.1759	0.00152806	0.0499618
0.176	0.00153137	0.0495445
0.1761	0.00153465	0.0491259
0.1762	0.0015379	0.048706
0.1763	0.00154113	0.0482847
0.1764	0.00154433	0.0478621
0.1765	0.0015475	0.0474382
0.1766	0.00155064	0.0470131
0.1767	0.00155375	0.0465866
0.1768	0.00155684	0.0461589
0.1769	0.00155989	0.0457299
0.177	0.00156292	0.0452997
0.1771	0.00156592	0.0448682
0.1772	0.00156889	0.0444356
0.1773	0.00157183	0.0440017
0.1774	0.00157474	0.0435665
0.1775	0.00157762	0.0431302
0.1776	0.00158047	0.0426928
0.1777	0.0015833	0.0422541
0.1778	0.00158609	0.0418143
0.1779	0.00158886	0.0413733
0.178	0.0015916	0.0409312
0.1781	0.0015943	0.040488
0.1782	0.00159698	0.0400437
0.1783	0.00159963	0.0395982
0.1784	0.00160224	0.0391517
0.1785	0.00160483	0.038704
0.1786	0.00160739	0.0382554
0.1787	0.00160992	0.0378056
0.1788	0.00161241	0.0373548
0.1789	0.00161488	0.036903
0.179	0.00161732	0.0364501
0.1791	0.00161973	0.0359962
0.1792	0.0016221	0.0355413
0.1793	0.00162445	0.0350855
0.1794	0.00162677	0.0346286
0.1795	0.00162905	0.0341708
0.1796	0.00163131	0.033712
0.1797	0.00163353	0.0332523
0.1798	0.00163573	0.0327916
0.1799	0.00163789	0.03233
0.18	0.00164002	0.0318675
0.1801	0.00164212	0.0314042
0.1802	0.00164419	0.0309399
0.1803	0.00164623	0.0304747
0.1804	0.00164824	0.0300087
0.1805	0.00165022	0.0295418
0.1806	0.00165216	0.0290741
0.1807	0.00165408	0.0286056
0.1808	0.00165596	0.0281362
0.1809	0.00165781	0.0276661
0.181	0.00165963	0.0271951
0.1811	0.00166142	0.0267234
0.1812	0.00166318	0.0262509
0.1813	0.00166491	0.0257776
0.1814	0.0016666	0.0253036
0.1815	0.00166826	0.0248289
0.1816	0.0016699	0.0243534
0.1817	0.0016715	0.0238772
0.1818	0.00167306	0.0234004
0.1819	0.0016746	0.0229228
0.182	0.0016761	0.0224446
0.1821	0.00167758	0.0219657
0.1822	0.00167902	0.0214862
0.1823	0.00168042	0.021006
0.1824	0.0016818	0.0205252
0.1825	0.00168315	0.0200437
0.1826	0.00168446	0.0195617
0.1827	0.00168574	0.0190791
0.1828	0.00168699	0.0185959
0.1829	0.0016882	0.0181122
0.183	0.00168938	0.0176279
0.1831	0.00169053	0.017143
0.1832	0.00169165	0.0166576
0.1833	0.00169274	0.0161717
0.1834	0.00169379	0.0156853
0.1835	0.00169481	0.0151984
0.1836	0.0016958	0.0147111
0.1837	0.00169676	0.0142232
0.1838	0.00169768	0.0137349
0.1839	0.00169857	0.0132462
0.184	0.00169943	0.012757
0.1841	0.00170026	0.0122675
0.1842	0.00170105	0.0117775
0.1843	0.00170181	0.0112871
0.1844	0.00170254	0.0107963
0.1845	0.00170324	0.0103052
0.1846	0.0017039	0.00981369
0.1847	0.00170453	0.00932185
0.1848	0.00170512	0.00882968
0.1849	0.00170569	0.00833719
0.185	0.00170622	0.0078444
0.1851	0.00170672	0.00735131
0.1852	0.00170718	0.00685793
0.1853	0.00170761	0.00636429
0.1854	0.00170801	0.00587039
0.1855	0.00170838	0.00537624
0.1856	0.00170871	0.00488186
0.1857	0.00170901	0.00438726
0.1858	0.00170928	0.00389245
0.1859	0.00170952	0.00339744
0.186	0.00170972	0.00290226
0.1861	0.00170989	0.0024069
0.1862	0.00171002	0.00191138
0.1863	0.00171013	0.00141572
0.1864	0.0017102	0.000919922
0.1865	0.00171023	0.000424005
0.1866	0.00171023	-7.20202e-05
0.1867	0.00171021	-0.000568142
0.1868	0.00171014	-0.00106435
0.1869	0.00171005	-0.00156062
0.187	0.00170992	-0.00205696
0.1871	0.00170976	-0.00255334
0.1872	0.00170956	-0.00304975
0.1873	0.00170933	-0.00354619
0.1874	0.00170907	-0.00404263
0.1875	0.00170878	-0.00453907
0.1876	0.00170845	-0.0050355
0.1877	0.00170809	-0.00553189
0.1878	0.00170769	-0.00602825
0.1879	0.00170727	-0.00652455
0.188	0.00170681	-0.00702078
0.1881	0.00170631	-0.00751694
0.1882	0.00170579	-0.008013
0.1883	0.00170523	-0.00850897
0.1884	0.00170464	-0.00900481
0.1885	0.00170401	-0.00950053
0.1886	0.00170335	-0.0099961
0.1887	0.00170266	-0.0104915
0.1888	0.00170194	-0.0109868
0.1889	0.00170118	-0.0114819
0.189	0.00170039	-0.0119767
0.1891	0.00169957	-0.0124714
0.1892	0.00169871	-0.0129659
0.1893	0.00169782	-0.0134601
0.1894	0.0016969	-0.0139541
0.1895	0.00169594	-0.0144479
0.1896	0.00169496	-0.0149414
0.1897	0.00169394	-0.0154346
0.1898	0.00169288	-0.0159275
0.1899	0.0016918	-0.0164201
0.19	0.00169068	-0.0169124
0.1901	0.00168952	-0.0174044
0.1902	0.00168834	-0.017896
0.1903	0.00168712	-0.0183873
0.1904	0.00168587	-0.0188782
0.1905	0.00168459	-0.0193687
0.1906	0.00168327	-0.0198589
0.1907	0.00168192	-0.0203486
0.1908	0.00168054	-0.020838
0.1909	0.00167913	-0.0213269
0.191	0.00167768	-0.0218153
0.1911	0.0016762	-0.0223034
0.1912	0.00167469	-0.0227909
0.1913	0.00167315	-0.023278
0.1914	0.00167157	-0.0237646
0.1915	0.00166996	-0.0242507
0.1916	0.00166832	-0.0247363
0.1917	0.00166665	-0.0252213
0.1918	0.00166494	-0.0257059
0.1919	0.0016632	-0.0261898
0.192	0.00166143	-0.0266732
0.1921	0.00165963	-0.0271561
0.1922	0.0016578	-0.0276383
0.1923	0.00165593	-0.02812
0.1924	0.00165403	-0.0286011
0.1925	0.0016521	-0.0290815
0.1926	0.00165014	-0.0295613
0.1927	0.00164814	-0.0300404
0.1928	0.00164612	-0.0305189
0.1929	0.00164406	-0.0309968
0.193	0.00164197	-0.0314739
0.1931	0.00163985	-0.0319504
0.1932	0.00163769	-0.0324261
0.1933	0.00163551	-0.0329011
0.1934	0.00163329	-0.0333754
0.1935	0.00163104	-0.033849
0.1936	0.00162876	-0.0343218
0.1937	0.00162645	-0.0347939
0.1938	0.0016241	-0.0352651
0.1939	0.00162173	-0.0357356
0.194	0.00161932	-0.0362053
0.1941	0.00161689	-0.0366741
0.1942	0.00161442	-0.0371422
0.1943	0.00161192	-0.0376094
0.1944	0.00160939	-0.0380757
0.1945	0.00160683	-0.0385412
0.1946	0.00160423	-0.0390059
0.1947	0.00160161	-0.0394696
0.1948	0.00159895	-0.0399325
0.1949	0.00159627	-0.0403944
0.195	0.00159355	-0.0408554
0.1951	0.00159081	-0.0413155
0.1952	0.00158803	-0.0417747
0.1953	0.00158522	-0.0422329
0.1954	0.00158238	-0.0426902
0.1955	0.00157951	-0.0431464
0.1956	0.00157661	-0.0436017
0.1957	0.00157368	-0.044056
0.1958	0.00157072	-0.0445093
0.1959	0.00156773	-0.0449615
0.196	0.00156471	-0.0454127
0.1961	0.00156166	-0.0458629
0.1962	0.00155858	-0.046312
0.1963	0.00155547	-0.0467601
0.1964	0.00155233	-0.0472071
0.1965	0.00154917	-0.047653
0.1966	0.00154597	-0.0480978
0.1967	0.00154274	-0.0485414
0.1968	0.00153948	-0.048984
0.1969	0.00153619	-0.0494254
0.197	0.00153287	-0.0498657
0.1971	0.00152953	-0.0503048
0.1972	0.00152615	-0.0507428
0.1973	0.00152275	-0.0511796
0.1974	0.00151931	-0.0516152
0.1975	0.00151585	-0.0520496
0.1976	0.00151236	-0.0524827
0.1977	0.00150884	-0.0529147
0.1978	0.00150529	-0.0533454
0.1979	0.00150171	-0.0537749
0.198	0.0014981	-0.0542032
0.1981	0.00149447	-0.0546301
0.1982	0.00149081	-0.0550558
0.1983	0.00148711	-0.0554802
0.1984	0.00148339	-0.0559033
0.1985	0.00147965	-0.0563251
0.1986	0.00147587	-0.0567456
0.1987	0.00147207	-0.0571648
0.1988	0.00146823	-0.0575826
0.1989	0.00146437	-0.0579991
0.199	0.00146049	-0.0584142
0.1991	0.00145657	-0.0588279
0.1992	0.00145263	-0.0592403
0.1993	0.00144866	-0.0596512
0.1994	0.00144466	-0.0600608
0.1995	0.00144064	-0.060469
0.1996	0.00143659	-0.0608757
0.1997	0.00143251	-0.061281
0.1998	0.0014284	-0.0616849
0.1999	0.00142427	-0.0620873
0.2	0.00142011	-0.0624882
0.2001	0.00141592	-0.0628877
0.2002	0.00141171	-0.0632857
0.2003	0.00140747	-0.0636821
0.2004	0.00140321	-0.0640771
0.2005	0.00139891	-0.0644706
0.2006	0.0013946	-0.0648626
0.2007	0.00139025	-0.065253
0.2008	0.00138588	-0.0656419
0.2009	0.00138149	-0.0660292
0.201	0.00137707	-0.066415
0.2011	0.00137262	-0.0667992
0.2012	0.00136815	-0.0671818
0.2013	0.00136365	-0.0675628
0.2014	0.00135913	-0.0679422
0.2015	0.00135458	-0.06832
0.2016	0.00135	-0.0686962
0.2017	0.00134541	-0.0690708
0.2018	0.00134078	-0.0694437
0.2019	0.00133613	-0.069815
0.202	0.00133146	-0.0701846
0.2021	0.00132676	-0.0705526
0.2022	0.00132204	-0.0709188
0.2023	0.0013173	-0.0712834
0.2024	0.00131252	-0.0716463
0.2025	0.00130773	-0.0720075
0.2026	0.00130291	-0.072367
0.2027	0.00129807	-0.0727248
0.2028	0.0012932	-0.0730808
0.2029	0.00128831	-0.0734351
0.203	0.0012834	-0.0737876
0.2031	0.00127846	-0.0741384
0.2032	0.0012735	-0.0744874
0.2033	0.00126852	-0.0748347
0.2034	0.00126351	-0.0751801
0.2035	0.00125848	-0.0755238
0.2036	0.00125343	-0.0758657
0.2037	0.00124836	-0.0762057
0.2038	0.00124326	-0.076544
0.2039	0.00123814	-0.0768804
0.204	0.001233	-0.077215
0.2041	0.00122783	-0.0775477
0.2042	0.00122265	-0.0778786
0.2043	0.00121744	-0.0782076
0.2044	0.00121221	-0.0785348
0.2045	0.00120696	-0.0788601
0.2046	0.00120168	-0.0791835
0.2047	0.00119639	-0.079505
0.2048	0.00119107	-0.0798246
0.2049	0.00118573	-0.0801423
0.205	0.00118037	-0.080458
0.2051	0.00117499	-0.0807719
0.2052	0.00116959	-0.0810838
0.2053	0.00116417	-0.0813938
0.2054	0.00115873	-0.0817018
0.2055	0.00115327	-0.0820079
0.2056	0.00114779	-0.082312
0.2057	0.00114228	-0.0826141
0.2058	0.00113676	-0.0829143
0.2059	0.00113122	-0.0832125
0.206	0.00112566	-0.0835086
0.2061	0.00112007	-0.0838028
0.2062	0.00111447	-0.084095
0.2063	0.00110885	-0.0843851
0.2064	0.00110321	-0.0846732
0.2065	0.00109755	-0.0849593
0.2066	0.00109187	-0.0852434
0.2067	0.00108618	-0.0855254
0.2068	0.00108046	-0.0858053
0.2069	0.00107473	-0.0860832
0.207	0.00106897	-0.0863591
0.2071	0.0010632	-0.0866328
0.2072	0.00105741	-0.0869045
0.2073	0.00105161	-0.0871741
0.2074	0.00104578	-0.0874416
0.2075	0.00103994	-0.087707
0.2076	0.00103408	-0.0879703
0.2077	0.0010282	-0.0882314
0.2078	0.00102231	-0.0884905
0.2079	0.00101639	-0.0887474
0.208	0.00101046	-0.0890022
0.2081	0.00100452	-0.0892548
0.2082	0.000998555	-0.0895053
0.2083	0.000992575	-0.0897537
0.2084	0.000986579	-0.0899999
0.2085	0.000980567	-0.0902439
0.2086	0.000974539	-0.0904857
0.2087	0.000968494	-0.0907254
0.2088	0.000962434	-0.0909629
0.2089	0.000956358	-0.0911982
0.209	0.000950266	-0.0914313
0.2091	0.000944159	-0.0916622
0.2092	0.000938037	-0.0918909
0.2093	0.000931899	-0.0921174
0.2094	0.000925747	-0.0923417
0.2095	0.00091958	-0.0925637
0.2096	0.000913398	-0.0927835
0.2097	0.000907201	-0.0930011
0.2098	0.00090099	-0.0932164
0.2099	0.000894765	-0.0934295
0.21	0.000888526	-0.0936403
0.2101	0.000882273	-0.0938489
0.2102	0.000876006	-0.0940552
0.2103	0.000869725	-0.0942592
0.2104	0.000863431	-0.094461
0.2105	0.000857124	-0.0946605
0.2106	0.000850803	-0.0948577
0.2107	0.000844469	-0.0950526
0.2108	0.000838123	-0.0952453
0.2109	0.000831764	-0.0954356
0.211	0.000825392	-0.0956236
0.2111	0.000819007	-0.0958093
0.2112	0.000812611	-0.0959927
0.2113	0.000806202	-0.0961738
0.2114	0.000799782	-0.0963526
0.2115	0.000793349	-0.096529
0.2116	0.000786905	-0.0967032
0.2117	0.00078045	-0.0968749
0.2118	0.000773983	-0.0970444
0.2119	0.000767505	-0.0972115
0.212	0.000761016	-0.0973762
0.2121	0.000754516	-0.0975386
0.2122	0.000748005	-0.0976986
0.2123	0.000741484	-0.0978563
0.2124	0.000734952	-0.0980116
0.2125	0.000728411	-0.0981646
0.2126	0.000721859	-0.0983152
0.2127	0.000715297	-0.0984634
0.2128	0.000708725	-0.0986092
0.2129	0.000702144	-0.0987526
0.213	0.000695553	-0.0988937
0.2131	0.000688954	-0.0990323
0.2132	0.000682345	-0.0991686
0.2133	0.000675727	-0.0993024
0.2134	0.0006691	-0.0994339
0.2135	0.000662464	-0.099563
0.2136	0.00065582	-0.0996896
0.2137	0.000649168	-0.0998139
0.2138	0.000642508	-0.0999357
0.2139	0.000635839	-0.100055
0.214	0.000629163	-0.100172
0.2141	0.000622479	-0.100287
0.2142	0.000615788	-0.100399
0.2143	0.000609089	-0.100509
0.2144	0.000602383	-0.100616
0.2145	0.00059567	-0.100721
0.2146	0.00058895	-0.100823
0.2147	0.000582223	-0.100923
0.2148	0.00057549	-0.101021
0.2149	0.000568751	-0.101116
0.215	0.000562005	-0.101208
0.2151	0.000555253	-0.101299
0.2152	0.000548496	-0.101386
0.2153	0.000541732	-0.101472
0.2154	0.000534963	-0.101554
0.2155	0.000528189	-0.101635
0.2156	0.000521409	-0.101713
0.2157	0.000514625	-0.101788
0.2158	0.000507835	-0.101861
0.2159	0.000501041	-0.101932
0.216	0.000494242	-0.102
0.2161	0.000487439	-0.102065
0.2162	0.000480631	-0.102128
0.2163	0.000473819	-0.102189
0.2164	0.000467004	-0.102247
0.2165	0.000460185	-0.102303
0.2166	0.000453362	-0.102356
0.2167	0.000446535	-0.102407
0.2168	0.000439706	-0.102455
0.2169	0.000432873	-0.102501
0.217	0.000426038	-0.102544
0.2171	0.000419199	-0.102585
0.2172	0.000412358	-0.102623
0.2173	0.000405515	-0.102659
0.2174	0.000398669	-0.102692
0.2175	0.000391822	-0.102723
0.2176	0.000384972	-0.102752
0.2177	0.000378121	-0.102777
0.2178	0.000371267	-0.102801
0.2179	0.000364413	-0.102822
0.218	0.000357557	-0.10284
0.2181	0.0003507	-0.102856
0.2182	0.000343843	-0.102869
0.2183	0.000336984	-0.10288
0.2184	0.000330125	-0.102889
0.2185	0.000323265	-0.102895
0.2186	0.000316406	-0.102898
0.2187	0.000309546	-0.102899
0.2188	0.000302686	-0.102898
0.2189	0.000295826	-0.102894
0.219	0.000288967	-0.102887
0.2191	0.000282108	-0.102878
0.2192	0.00027525	-0.102866
0.2193	0.000268393	-0.102852
0.2194	0.000261537	-0.102836
0.2195	0.000254682	-0.102817
0.2196	0.000247829	-0.102795
0.2197	0.000240977	-0.102771
0.2198	0.000234127	-0.102745
0.2199	0.000227279	-0.102716
0.22	0.000220432	-0.102685
0.2201	0.000213588	-0.102651
0.2202	0.000206747	-0.102614
0.2203	0.000199908	-0.102575
0.2204	0.000193071	-0.102534
0.2205	0.000186238	-0.10249
0.2206	0.000179408	-0.102444
0.2207	0.00017258	-0.102395
0.2208	0.000165757	-0.102343
0.2209	0.000158936	-0.10229
0.221	0.00015212	-0.102233
0.2211	0.000145307	-0.102175
0.2212	0.000138499	-0.102113
0.2213	0.000131694	-0.10205
0.2214	0.000124894	-0.101983
0.2215	0.000118099	-0.101915
0.2216	0.000111308	-0.101844
0.2217	0.000104522	-0.10177
0.2218	9.77413e-05	-0.101694
0.2219	9.09656e-05	-0.101615
0.222	8.41953e-05	-0.101534
0.2221	7.74305e-05	-0.101451
0.2222	7.06714e-05	-0.101365
0.2223	6.39181e-05	-0.101277
0.2224	5.71709e-05	-0.101186
0.2225	5.04298e-05	-0.101092
0.2226	4.36951e-05	-0.100997
0.2227	3.69669e-05	-0.100899
0.2228	3.02454e-05	-0.100798
0.2229	2.35306e-05	-0.100695
0.223	1.68229e-05	-0.100589
0.2231	1.01224e-05	-0.100481
0.2232	3.42912e-06	-0.100371
0.2233	-3.25664e-06	-0.100258
0.2234	-9.93476e-06	-0.100143
0.2235	-1.66051e-05	-0.100025
0.2236	-2.32674e-05	-0.0999051
0.2237	-2.99216e-05	-0.0997825
0.2238	-3.65676e-05	-0.0996576
0.2239	-4.3205e-05	-0.0995302
0.224	-4.98339e-05	-0.0994004
0.2241	-5.6454e-05	-0.0992683
0.2242	-6.30651e-05	-0.0991337
0.2243	-6.96672e-05	-0.0989967
0.2244	-7.626e-05	-0.0988573
0.2245	-8.28434e-05	-0.0987155
0.2246	-8.94172e-05	-0.0985713
0.2247	-9.59813e-05	-0.0984247
0.2248	-0.000102536	-0.0982758
0.2249	-0.00010908	-0.0981245
0.225	-0.000115614	-0.0979707
0.2251	-0.000122137	-0.0978147
0.2252	-0.00012865	-0.0976562
0.2253	-0.000135153	-0.0974954
0.2254	-0.000141644	-0.0973322
0.2255	-0.000148125	-0.0971667
0.2256	-0.000154594	-0.0969988
0.2257	-0.000161052	-0.0968285
0.2258	-0.000167499	-0.0966559
0.2259	-0.000173934	-0.096481
0.226	-0.000180357	-0.0963037
0.2261	-0.000186768	-0.0961241
0.2262	-0.000193167	-0.0959422
0.2263	-0.000199554	-0.0957579
0.2264	-0.000205929	-0.0955714
0.2265	-0.000212291	-0.0953825
0.2266	-0.00021864	-0.0951913
0.2267	-0.000224976	-0.0949978
0.2268	-0.0002313	-0.094802
0.2269	-0.00023761	-0.0946039
0.227	-0.000243907	-0.0944035
0.2271	-0.00025019	-0.0942008
0.2272	-0.00025646	-0.0939959
0.2273	-0.000262716	-0.0937886
0.2274	-0.000268958	-0.0935791
0.2275	-0.000275186	-0.0933674
0.2276	-0.0002814	-0.0931534
0.2277	-0.000287599	-0.0929371
0.2278	-0.000293784	-0.0927185
0.2279	-0.000299954	-0.0924978
0.228	-0.00030611	-0.0922748
0.2281	-0.00031225	-0.0920495
0.2282	-0.000318375	-0.091822
0.2283	-0.000324485	-0.0915924
0.2284	-0.00033058	-0.0913604
0.2285	-0.000336659	-0.0911263
0.2286	-0.000342722	-0.09089
0.2287	-0.000348769	-0.0906515
0.2288	-0.000354801	-0.0904108
0.2289	-0.000360816	-0.0901679
0.229	-0.000366815	-0.0899228
0.2291	-0.000372797	-0.0896755
0.2292	-0.000378763	-0.0894261
0.2293	-0.000384712	-0.0891745
0.2294	-0.000390645	-0.0889208
0.2295	-0.00039656	-0.0886649
0.2296	-0.000402458	-0.0884068
0.2297	-0.000408339	-0.0881467
0.2298	-0.000414202	-0.0878844
0.2299	-0.000420048	-0.0876199
0.23	-0.000425876	-0.0873534
0.2301	-0.000431686	-0.0870847
0.2302	-0.000437478	-0.086814
0.2303	-0.000443252	-0.0865411
0.2304	-0.000449007	-0.0862662
0.2305	-0.000454745	-0.0859891
0.2306	-0.000460463	-0.08571
0.2307	-0.000466163	-0.0854289
0.2308	-0.000471844	-0.0851456
0.2309	-0.000477506	-0.0848603
0.231	-0.000483149	-0.084573
0.2311	-0.000488773	-0.0842836
0.2312	-0.000494377	-0.0839922
0.2313	-0.000499962	-0.0836987
0.2314	-0.000505527	-0.0834032
0.2315	-0.000511072	-0.0831058
0.2316	-0.000516598	-0.0828063
0.2317	-0.000522103	-0.0825048
0.2318	-0.000527588	-0.0822013
0.2319	-0.000533053	-0.0818959
0.232	-0.000538497	-0.0815884
0.2321	-0.000543921	-0.081279
0.2322	-0.000549324	-0.0809677
0.2323	-0.000554706	-0.0806543
0.2324	-0.000560067	-0.0803391
0.2325	-0.000565407	-0.0800219
0.2326	-0.000570726	-0.0797028
0.2327	-0.000576024	-0.0793817
0.2328	-0.000581299	-0.0790588
0.2329	-0.000586554	-0.0787339
0.233	-0.000591786	-0.0784071
0.2331	-0.000596997	-0.0780785
0.2332	-0.000602186	-0.077748
0.2333	-0.000607352	-0.0774156
0.2334	-0.000612496	-0.0770813
0.2335	-0.000617618	-0.0767452
0.2336	-0.000622718	-0.0764072
0.2337	-0.000627795	-0.0760674
0.2338	-0.000632849	-0.0757258
0.2339	-0.00063788	-0.0753823
0.234	-0.000642888	-0.075037
0.2341	-0.000647873	-0.07469
0.2342	-0.000652835	-0.0743411
0.2343	-0.000657773	-0.0739904
0.2344	-0.000662688	-0.073638
0.2345	-0.00066758	-0.0732838
0.2346	-0.000672447	-0.0729278
0.2347	-0.000677291	-0.0725701
0.2348	-0.000682111	-0.0722106
0.2349	-0.000686907	-0.0718494
0.235	-0.000691679	-0.0714865
0.2351	-0.000696426	-0.0711218
0.2352	-0.00070115	-0.0707555
0.2353	-0.000705848	-0.0703874
0.2354	-0.000710522	-0.0700177
0.2355	-0.000715171	-0.0696463
0.2356	-0.000719796	-0.0692732
0.2357	-0.000724395	-0.0688984
0.2358	-0.000728969	-0.068522
0.2359	-0.000733519	-0.068144
0.236	-0.000738043	-0.0677643
0.2361	-0.000742541	-0.067383
0.2362	-0.000747014	-0.0670001
0.2363	-0.000751461	-0.0666156
0.2364	-0.000755883	-0.0662294
0.2365	-0.000760279	-0.0658417
0.2366	-0.000764649	-0.0654525
0.2367	-0.000768993	-0.0650616
0.2368	-0.00077331	-0.0646692
0.2369	-0.000777602	-0.0642753
0.237	-0.000781867	-0.0638798
0.2371	-0.000786106	-0.0634828
0.2372	-0.000790318	-0.0630842
0.2373	-0.000794504	-0.0626842
0.2374	-0.000798662	-0.0622826
0.2375	-0.000802794	-0.0618796
0.2376	-0.000806899	-0.0614751
0.2377	-0.000810977	-0.0610691
0.2378	-0.000815028	-0.0606617
0.2379	-0.000819052	-0.0602528
0.238	-0.000823048	-0.0598425
0.2381	-0.000827017	-0.0594308
0.2382	-0.000830958	-0.0590176
0.2383	-0.000834872	-0.0586031
0.2384	-0.000838758	-0.0581871
0.2385	-0.000842616	-0.0577698
0.2386	-0.000846447	-0.0573511
0.2387	-0.000850249	-0.056931
0.2388	-0.000854023	-0.0565095
0.2389	-0.000857769	-0.0560868
0.239	-0.000861487	-0.0556626
0.2391	-0.000865177	-0.0552372
0.2392	-0.000868838	-0.0548104
0.2393	-0.00087247	-0.0543824
0.2394	-0.000876074	-0.0539531
0.2395	-0.000879649	-0.0535224
0.2396	-0.000883196	-0.0530905
0.2397	-0.000886714	-0.0526574
0.2398	-0.000890202	-0.052223
0.2399	-0.000893662	-0.0517874
0.24	-0.000897092	-0.0513505
0.2401	-0.000900494	-0.0509124
0.2402	-0.000903866	-0.0504731
0.2403	-0.000907209	-0.0500326
0.2404	-0.000910522	-0.049591
0.2405	-0.000913806	-0.0491482
0.2406	-0.00091706	-0.0487042
0.2407	-0.000920285	-0.048259
0.2408	-0.00092348	-0.0478127
0.2409	-0.000926645	-0.0473653
0.241	-0.00092978	-0.0469168
0.2411	-0.000932885	-0.0464672
0.2412	-0.00093596	-0.0460165
0.2413	-0.000939005	-0.0455647
0.2414	-0.00094202	-0.0451118
0.2415	-0.000945005	-0.0446578
0.2416	-0.000947959	-0.0442029
0.2417	-0.000950883	-0.0437468
0.2418	-0.000953777	-0.0432898
0.2419	-0.00095664	-0.0428317
0.242	-0.000959472	-0.0423727
0.2421	-0.000962274	-0.0419126
0.2422	-0.000965045	-0.0414516
0.2423	-0.000967785	-0.0409895
0.2424	-0.000970495	-0.0405266
0.2425	-0.000973173	-0.0400627
0.2426	-0.000975821	-0.0395978
0.2427	-0.000978437	-0.039132
0.2428	-0.000981023	-0.0386654
0.2429	-0.000983577	-0.0381978
0.243	-0.0009861	-0.0377293
0.2431	-0.000988592	-0.03726
0.2432	-0.000991052	-0.0367898
0.2433	-0.000993481	-0.0363187
0.2434	-0.000995879	-0.0358468
0.2435	-0.000998245	-0.0353741
0.2436	-0.00100058	-0.0349005
0.2437	-0.00100288	-0.0344262
0.2438	-0.00100515	-0.033951
0.2439	-0.00100739	-0.0334751
0.244	-0.0010096	-0.0329984
0.2441	-0.00101178	-0.0325209
0.2442	-0.00101392	-0.0320427
0.2443	-0.00101603	-0.0315638
0.2444	-0.00101811	-0.0310841
0.2445	-0.00102016	-0.0306037
0.2446	-0.00102218	-0.0301226
0.2447	-0.00102416	-0.0296409
0.2448	-0.00102611	-0.0291584
0.2449	-0.00102803	-0.0286753
0.245	-0.00102992	-0.0281916
0.2451	-0.00103178	-0.0277072
0.2452	-0.0010336	-0.0272222
0.2453	-0.00103539	-0.0267365
0.2454	-0.00103715	-0.0262503
0.2455	-0.00103887	-0.0257635
0.2456	-0.00104057	-0.0252761
0.2457	-0.00104223	-0.0247881
0.2458	-0.00104385	-0.0242996
0.2459	-0.00104545	-0.0238105
0.246	-0.00104701	-0.0233209
0.2461	-0.00104854	-0.0228308
0.2462	-0.00105004	-0.0223402
0.2463	-0.0010515	-0.0218491
0.2464	-0.00105294	-0.0213575
0.2465	-0.00105434	-0.0208654
0.2466	-0.0010557	-0.0203729
0.2467	-0.00105703	-0.01988
0.2468	-0.00105834	-0.0193866
0.2469	-0.0010596	-0.0188928
0.247	-0.00106084	-0.0183985
0.2471	-0.00106204	-0.0179039
0.2472	-0.00106321	-0.0174089
0.2473	-0.00106434	-0.0169136
0.2474	-0.00106545	-0.0164178
0.2475	-0.00106652	-0.0159218
0.2476	-0.00106755	-0.0154254
0.2477	-0.00106856	-0.0149287
0.2478	-0.00106953	-0.0144316
0.2479	-0.00107046	-0.0139343
0.248	-0.00107137	-0.0134367
0.2481	-0.00107224	-0.0129388
0.2482	-0.00107308	-0.0124407
0.2483	-0.00107388	-0.0119423
0.2484	-0.00107465	-0.0114437
0.2485	-0.00107539	-0.0109448
0.2486	-0.00107609	-0.0104458
0.2487	-0.00107677	-0.00994651
0.2488	-0.0010774	-0.00944708
0.2489	-0.00107801	-0.00894747
0.249	-0.00107858	-0.00844771
0.2491	-0.00107912	-0.0079478
0.2492	-0.00107962	-0.00744775
0.2493	-0.00108009	-0.00694759
0.2494	-0.00108053	-0.00644731
0.2495	-0.00108094	-0.00594693
0.2496	-0.00108131	-0.00544647
0.2497	-0.00108165	-0.00494594
0.2498	-0.00108195	-0.00444535
0.2499	-0.00108222	-0.00394471
0.25	-0.00108246	-0.00344404
0.2501	-0.00108266	-0.00294335
0.2502	-0.00108284	-0.00244264
0.2503	-0.00108297	-0.00194194
0.2504	-0.00108308	-0.00144125
0.2505	-0.00108315	-0.000940594
0.2506	-0.00108319	-0.000439974
0.2507	-0.00108319	6.05924e-05
0.2508	-0.00108316	0.000561094
0.2509	-0.0010831	0.00106152
0.251	-0.001083	0.00156185
0.2511	-0.00108287	0.00206208
0.2512	-0.00108271	0.0025622
0.2513	-0.00108251	0.00306219
