0	0	0
0.0001	1.44999e-09	3.85489e-05
0.0002	9.20068e-09	0.000150787
0.0003	2.79269e-08	0.000332014
0.0004	6.20045e-08	0.000577818
0.0005	1.15529e-07	0.000884049
0.0006	1.92331e-07	0.00124681
0.0007	2.95994e-07	0.00166244
0.0008	4.29869e-07	0.00212749
0.0009	5.97086e-07	0.00263872
0.001	8.00569e-07	0.00319309
0.0011	1.04305e-06	0.00378773
0.0012	1.32708e-06	0.00441994
0.0013	1.65503e-06	0.00508719
0.0014	2.02911e-06	0.00578709
0.0015	2.4514e-06	0.00651739
0.0016	2.92381e-06	0.00727597
0.0017	3.44812e-06	0.00806083
0.0018	4.02599e-06	0.00887009
0.0019	4.65896e-06	0.00970199
0.002	5.34846e-06	0.0105548
0.0021	6.09579e-06	0.0114271
0.0022	6.90218e-06	0.0123172
0.0023	7.76875e-06	0.0132238
0.0024	8.69652e-06	0.0141455
0.0025	9.68645e-06	0.0150812
0.0026	1.07394e-05	0.0160295
0.0027	1.18562e-05	0.0169895
0.0028	1.30375e-05	0.01796
0.0029	1.4284e-05	0.01894
0.003	1.55962e-05	0.0199286
0.0031	1.69748e-05	0.0209248
0.0032	1.84201e-05	0.0219278
0.0033	1.99326e-05	0.0229369
0.0034	2.15126e-05	0.0239512
0.0035	2.31604e-05	0.0249699
0.0036	2.48764e-05	0.0259925
0.0037	2.66608e-05	0.0270182
0.0038	2.85136e-05	0.0280464
0.0039	3.04351e-05	0.0290766
0.004	3.24253e-05	0.030108
0.0041	3.44843e-05	0.0311403
0.0042	3.66122e-05	0.0321728
0.0043	3.88089e-05	0.0332051
0.0044	4.10744e-05	0.0342367
0.0045	4.34086e-05	0.0352671
0.0046	4.58114e-05	0.036296
0.0047	4.82827e-05	0.0373228
0.0048	5.08223e-05	0.0383472
0.0049	5.34301e-05	0.0393688
0.005	5.61059e-05	0.0403873
0.0051	5.88494e-05	0.0414022
0.0052	6.16603e-05	0.0424133
0.0053	6.45384e-05	0.0434203
0.0054	6.74835e-05	0.0444227
0.0055	7.04951e-05	0.0454203
0.0056	7.3573e-05	0.0464128
0.0057	7.67168e-05	0.0473999
0.0058	7.99261e-05	0.0483814
0.0059	8.32006e-05	0.049357
0.006	8.65398e-05	0.0503264
0.0061	8.99433e-05	0.0512893
0.0062	9.34106e-05	0.0522456
0.0063	9.69414e-05	0.0531951
0.0064	0.000100535	0.0541374
0.0065	0.000104191	0.0550723
0.0066	0.000107909	0.0559997
0.0067	0.000111689	0.0569194
0.0068	0.000115529	0.0578311
0.0069	0.00011943	0.0587346
0.007	0.000123391	0.0596299
0.0071	0.000127411	0.0605165
0.0072	0.000131489	0.0613945
0.0073	0.000135626	0.0622636
0.0074	0.00013982	0.0631236
0.0075	0.000144071	0.0639744
0.0076	0.000148378	0.0648159
0.0077	0.000152741	0.0656477
0.0078	0.000157159	0.0664699
0.0079	0.000161631	0.0672823
0.008	0.000166157	0.0680846
0.0081	0.000170736	0.0688768
0.0082	0.000175367	0.0696587
0.0083	0.00018005	0.0704302
0.0084	0.000184784	0.0711911
0.0085	0.000189567	0.0719413
0.0086	0.000194401	0.0726807
0.0087	0.000199283	0.0734092
0.0088	0.000204213	0.0741266
0.0089	0.00020919	0.0748328
0.009	0.000214214	0.0755277
0.0091	0.000219284	0.0762112
0.0092	0.000224398	0.0768832
0.0093	0.000229557	0.0775435
0.0094	0.000234759	0.0781921
0.0095	0.000240004	0.0788288
0.0096	0.000245291	0.0794535
0.0097	0.000250618	0.0800662
0.0098	0.000255986	0.0806667
0.0099	0.000261394	0.081255
0.01	0.00026684	0.081831
0.0101	0.000272324	0.0823945
0.0102	0.000277844	0.0829454
0.0103	0.000283401	0.0834838
0.0104	0.000288993	0.0840095
0.0105	0.00029462	0.0845224
0.0106	0.00030028	0.0850225
0.0107	0.000305972	0.0855096
0.0108	0.000311697	0.0859837
0.0109	0.000317453	0.0864448
0.011	0.000323238	0.0868927
0.0111	0.000329053	0.0873274
0.0112	0.000334896	0.0877488
0.0113	0.000340766	0.0881568
0.0114	0.000346663	0.0885515
0.0115	0.000352586	0.0889327
0.0116	0.000358534	0.0893003
0.0117	0.000364505	0.0896544
0.0118	0.000370499	0.0899949
0.0119	0.000376515	0.0903217
0.012	0.000382552	0.0906347
0.0121	0.00038861	0.090934
0.0122	0.000394687	0.0912194
0.0123	0.000400782	0.091491
0.0124	0.000406894	0.0917486
0.0125	0.000413023	0.0919923
0.0126	0.000419167	0.0922221
0.0127	0.000425326	0.0924378
0.0128	0.000431499	0.0926395
0.0129	0.000437685	0.0928271
0.013	0.000443882	0.0930006
0.0131	0.00045009	0.0931599
0.0132	0.000456308	0.0933051
0.0133	0.000462535	0.0934362
0.0134	0.00046877	0.093553
0.0135	0.000475012	0.0936556
0.0136	0.000481261	0.093744
0.0137	0.000487514	0.0938182
0.0138	0.000493772	0.0938781
0.0139	0.000500033	0.0939237
0.014	0.000506296	0.0939551
0.0141	0.000512561	0.0939722
0.0142	0.000518826	0.0939751
0.0143	0.00052509	0.0939637
0.0144	0.000531353	0.0939379
0.0145	0.000537614	0.093898
0.0146	0.000543871	0.0938437
0.0147	0.000550124	0.0937752
0.0148	0.000556372	0.0936925
0.0149	0.000562613	0.0935955
0.015	0.000568847	0.0934843
0.0151	0.000575073	0.093359
0.0152	0.00058129	0.0932194
0.0153	0.000587497	0.0930656
0.0154	0.000593693	0.0928978
0.0155	0.000599878	0.0927158
0.0156	0.000606049	0.0925197
0.0157	0.000612206	0.0923095
0.0158	0.000618349	0.0920854
0.0159	0.000624476	0.0918472
0.016	0.000630587	0.091595
0.0161	0.00063668	0.091329
0.0162	0.000642755	0.091049
0.0163	0.00064881	0.0907552
0.0164	0.000654845	0.0904476
0.0165	0.000660859	0.0901262
0.0166	0.000666851	0.0897911
0.0167	0.000672819	0.0894424
0.0168	0.000678764	0.08908
0.0169	0.000684684	0.0887041
0.017	0.000690578	0.0883146
0.0171	0.000696445	0.0879117
0.0172	0.000702285	0.0874955
0.0173	0.000708097	0.0870658
0.0174	0.000713879	0.086623
0.0175	0.000719631	0.0861669
0.0176	0.000725352	0.0856976
0.0177	0.000731041	0.0852153
0.0178	0.000736698	0.08472
0.0179	0.00074232	0.0842118
0.018	0.000747908	0.0836907
0.0181	0.000753461	0.0831568
0.0182	0.000758977	0.0826102
0.0183	0.000764457	0.082051
0.0184	0.000769898	0.0814793
0.0185	0.000775301	0.0808951
0.0186	0.000780664	0.0802985
0.0187	0.000785987	0.0796896
0.0188	0.000791268	0.0790685
0.0189	0.000796508	0.0784354
0.019	0.000801705	0.0777902
0.0191	0.000806858	0.077133
0.0192	0.000811966	0.0764641
0.0193	0.00081703	0.0757833
0.0194	0.000822047	0.075091
0.0195	0.000827018	0.0743871
0.0196	0.000831942	0.0736718
0.0197	0.000836817	0.0729452
0.0198	0.000841643	0.0722073
0.0199	0.000846419	0.0714583
0.02	0.000851145	0.0706983
0.0201	0.000855819	0.0699274
0.0202	0.000860442	0.0691458
0.0203	0.000865012	0.0683534
0.0204	0.000869529	0.0675505
0.0205	0.000873991	0.0667371
0.0206	0.000878399	0.0659134
0.0207	0.000882752	0.0650795
0.0208	0.000887048	0.0642355
0.0209	0.000891287	0.0633815
0.021	0.00089547	0.0625177
0.0211	0.000899594	0.0616442
0.0212	0.000903659	0.0607611
0.0213	0.000907665	0.0598685
0.0214	0.000911611	0.0589666
0.0215	0.000915496	0.0580555
0.0216	0.000919321	0.0571353
0.0217	0.000923083	0.0562061
0.0218	0.000926783	0.0552682
0.0219	0.00093042	0.0543216
0.022	0.000933994	0.0533664
0.0221	0.000937503	0.0524029
0.0222	0.000940948	0.0514311
0.0223	0.000944328	0.0504512
0.0224	0.000947641	0.0494633
0.0225	0.000950889	0.0484676
0.0226	0.00095407	0.0474641
0.0227	0.000957184	0.0464532
0.0228	0.000960229	0.0454348
0.0229	0.000963207	0.0444092
0.023	0.000966116	0.0433765
0.0231	0.000968955	0.0423369
0.0232	0.000971725	0.0412904
0.0233	0.000974425	0.0402373
0.0234	0.000977054	0.0391777
0.0235	0.000979613	0.0381118
0.0236	0.0009821	0.0370396
0.0237	0.000984515	0.0359615
0.0238	0.000986858	0.0348774
0.0239	0.000989129	0.0337876
0.024	0.000991326	0.0326922
0.0241	0.00099345	0.0315915
0.0242	0.000995501	0.0304855
0.0243	0.000997478	0.0293744
0.0244	0.00099938	0.0282583
0.0245	0.00100121	0.0271375
0.0246	0.00100296	0.0260121
0.0247	0.00100464	0.0248823
0.0248	0.00100624	0.0237481
0.0249	0.00100777	0.0226099
0.025	0.00100922	0.0214677
0.0251	0.00101059	0.0203217
0.0252	0.00101189	0.0191721
0.0253	0.00101311	0.018019
0.0254	0.00101425	0.0168626
0.0255	0.00101532	0.0157031
0.0256	0.0010163	0.0145407
0.0257	0.00101722	0.0133755
0.0258	0.00101805	0.0122076
0.0259	0.0010188	0.0110373
0.026	0.00101948	0.00986472
0.0261	0.00102008	0.00869003
0.0262	0.0010206	0.00751339
0.0263	0.00102104	0.00633497
0.0264	0.0010214	0.00515496
0.0265	0.00102169	0.00397351
0.0266	0.00102189	0.0027908
0.0267	0.00102202	0.001607
0.0268	0.00102207	0.000422274
0.0269	0.00102204	-0.000763198
0.027	0.00102193	-0.00194925
0.0271	0.00102174	-0.0031357
0.0272	0.00102147	-0.0043224
0.0273	0.00102112	-0.00550915
0.0274	0.00102069	-0.0066958
0.0275	0.00102019	-0.00788217
0.0276	0.0010196	-0.0090681
0.0277	0.00101894	-0.0102534
0.0278	0.0010182	-0.0114379
0.0279	0.00101737	-0.0126214
0.028	0.00101647	-0.0138039
0.0281	0.00101549	-0.014985
0.0282	0.00101444	-0.0161646
0.0283	0.0010133	-0.0173426
0.0284	0.00101208	-0.0185188
0.0285	0.00101079	-0.0196929
0.0286	0.00100942	-0.020865
0.0287	0.00100797	-0.0220347
0.0288	0.00100644	-0.0232019
0.0289	0.00100484	-0.0243664
0.029	0.00100315	-0.0255282
0.0291	0.00100139	-0.0266869
0.0292	0.000999555	-0.0278424
0.0293	0.000997641	-0.0289947
0.0294	0.000995651	-0.0301434
0.0295	0.000993583	-0.0312884
0.0296	0.00099144	-0.0324297
0.0297	0.000989221	-0.0335669
0.0298	0.000986926	-0.0347
0.0299	0.000984556	-0.0358288
0.03	0.000982111	-0.036953
0.0301	0.000979591	-0.0380727
0.0302	0.000976997	-0.0391875
0.0303	0.000974329	-0.0402973
0.0304	0.000971587	-0.041402
0.0305	0.000968772	-0.0425015
0.0306	0.000965883	-0.0435955
0.0307	0.000962922	-0.0446838
0.0308	0.000959889	-0.0457664
0.0309	0.000956784	-0.0468431
0.031	0.000953607	-0.0479137
0.0311	0.000950359	-0.0489781
0.0312	0.000947041	-0.0500361
0.0313	0.000943652	-0.0510876
0.0314	0.000940194	-0.0521324
0.0315	0.000936666	-0.0531703
0.0316	0.00093307	-0.0542012
0.0317	0.000929405	-0.055225
0.0318	0.000925672	-0.0562416
0.0319	0.000921872	-0.0572507
0.032	0.000918005	-0.0582522
0.0321	0.000914071	-0.059246
0.0322	0.000910072	-0.0602319
0.0323	0.000906008	-0.0612098
0.0324	0.000901878	-0.0621795
0.0325	0.000897685	-0.063141
0.0326	0.000893427	-0.064094
0.0327	0.000889107	-0.0650385
0.0328	0.000884724	-0.0659743
0.0329	0.000880279	-0.0669012
0.033	0.000875773	-0.0678192
0.0331	0.000871206	-0.068728
0.0332	0.000866579	-0.0696276
0.0333	0.000861892	-0.0705179
0.0334	0.000857147	-0.0713986
0.0335	0.000852343	-0.0722698
0.0336	0.000847482	-0.0731311
0.0337	0.000842563	-0.0739826
0.0338	0.000837589	-0.0748242
0.0339	0.000832559	-0.0756556
0.034	0.000827474	-0.0764767
0.0341	0.000822334	-0.0772875
0.0342	0.000817142	-0.0780878
0.0343	0.000811896	-0.0788776
0.0344	0.000806598	-0.0796566
0.0345	0.000801249	-0.0804248
0.0346	0.00079585	-0.0811821
0.0347	0.0007904	-0.0819284
0.0348	0.000784901	-0.0826635
0.0349	0.000779354	-0.0833873
0.035	0.000773759	-0.0840998
0.0351	0.000768117	-0.0848009
0.0352	0.000762429	-0.0854903
0.0353	0.000756695	-0.0861682
0.0354	0.000750917	-0.0868342
0.0355	0.000745095	-0.0874884
0.0356	0.00073923	-0.0881307
0.0357	0.000733323	-0.0887609
0.0358	0.000727375	-0.089379
0.0359	0.000721385	-0.0899849
0.036	0.000715357	-0.0905784
0.0361	0.000709289	-0.0911596
0.0362	0.000703183	-0.0917283
0.0363	0.00069704	-0.0922844
0.0364	0.00069086	-0.0928278
0.0365	0.000684645	-0.0933586
0.0366	0.000678395	-0.0938765
0.0367	0.000672111	-0.0943816
0.0368	0.000665794	-0.0948737
0.0369	0.000659445	-0.0953529
0.037	0.000653064	-0.0958189
0.0371	0.000646654	-0.0962718
0.0372	0.000640213	-0.0967114
0.0373	0.000633744	-0.0971378
0.0374	0.000627248	-0.0975508
0.0375	0.000620724	-0.0979504
0.0376	0.000614175	-0.0983366
0.0377	0.0006076	-0.0987092
0.0378	0.000601001	-0.0990682
0.0379	0.000594379	-0.0994137
0.038	0.000587735	-0.0997454
0.0381	0.000581069	-0.100063
0.0382	0.000574383	-0.100368
0.0383	0.000567677	-0.100658
0.0384	0.000560953	-0.100935
0.0385	0.00055421	-0.101197
0.0386	0.000547451	-0.101446
0.0387	0.000540676	-0.101681
0.0388	0.000533886	-0.101902
0.0389	0.000527082	-0.102108
0.039	0.000520265	-0.102301
0.0391	0.000513436	-0.10248
0.0392	0.000506596	-0.102644
0.0393	0.000499745	-0.102794
0.0394	0.000492885	-0.102931
0.0395	0.000486017	-0.103053
0.0396	0.000479141	-0.10316
0.0397	0.000472259	-0.103254
0.0398	0.000465372	-0.103333
0.0399	0.000458479	-0.103398
0.04	0.000451583	-0.103449
0.0401	0.000444685	-0.103485
0.0402	0.000437785	-0.103508
0.0403	0.000430884	-0.103515
0.0404	0.000423983	-0.103509
0.0405	0.000417083	-0.103489
0.0406	0.000410186	-0.103454
0.0407	0.000403291	-0.103405
0.0408	0.000396401	-0.103341
0.0409	0.000389515	-0.103263
0.041	0.000382635	-0.103172
0.0411	0.000375762	-0.103065
0.0412	0.000368897	-0.102945
0.0413	0.000362041	-0.10281
0.0414	0.000355194	-0.102662
0.0415	0.000348358	-0.102499
0.0416	0.000341534	-0.102322
0.0417	0.000334722	-0.102131
0.0418	0.000327923	-0.101925
0.0419	0.000321139	-0.101706
0.042	0.00031437	-0.101473
0.0421	0.000307618	-0.101226
0.0422	0.000300882	-0.100964
0.0423	0.000294165	-0.100689
0.0424	0.000287467	-0.1004
0.0425	0.000280789	-0.100097
0.0426	0.000274131	-0.0997806
0.0427	0.000267496	-0.0994501
0.0428	0.000260883	-0.099106
0.0429	0.000254294	-0.0987482
0.043	0.000247729	-0.0983768
0.0431	0.00024119	-0.0979919
0.0432	0.000234677	-0.0975935
0.0433	0.000228191	-0.0971816
0.0434	0.000221734	-0.0967564
0.0435	0.000215305	-0.0963178
0.0436	0.000208907	-0.095866
0.0437	0.000202539	-0.095401
0.0438	0.000196203	-0.0949229
0.0439	0.000189899	-0.0944317
0.044	0.000183629	-0.0939275
0.0441	0.000177393	-0.0934105
0.0442	0.000171192	-0.0928805
0.0443	0.000165027	-0.0923379
0.0444	0.000158899	-0.0917825
0.0445	0.000152809	-0.0912145
0.0446	0.000146757	-0.090634
0.0447	0.000140744	-0.0900411
0.0448	0.000134772	-0.0894358
0.0449	0.00012884	-0.0888183
0.045	0.000122951	-0.0881885
0.0451	0.000117103	-0.0875467
0.0452	0.0001113	-0.0868929
0.0453	0.00010554	-0.0862272
0.0454	9.98256e-05	-0.0855496
0.0455	9.41568e-05	-0.0848604
0.0456	8.85346e-05	-0.0841595
0.0457	8.29596e-05	-0.0834472
0.0458	7.74327e-05	-0.0827234
0.0459	7.19547e-05	-0.0819883
0.046	6.65262e-05	-0.081242
0.0461	6.1148e-05	-0.0804846
0.0462	5.58208e-05	-0.0797162
0.0463	5.05455e-05	-0.078937
0.0464	4.53226e-05	-0.078147
0.0465	4.01529e-05	-0.0773463
0.0466	3.50371e-05	-0.0765352
0.0467	2.9976e-05	-0.0757135
0.0468	2.49701e-05	-0.0748816
0.0469	2.00202e-05	-0.0740395
0.047	1.51269e-05	-0.0731874
0.0471	1.0291e-05	-0.0723253
0.0472	5.513e-06	-0.0714534
0.0473	7.93628e-07	-0.0705718
0.0474	-3.86649e-06	-0.0696807
0.0475	-8.46672e-06	-0.0687801
0.0476	-1.30064e-05	-0.0678702
0.0477	-1.7485e-05	-0.0669511
0.0478	-2.19019e-05	-0.066023
0.0479	-2.62565e-05	-0.065086
0.048	-3.05481e-05	-0.0641402
0.0481	-3.47763e-05	-0.0631858
0.0482	-3.89404e-05	-0.0622228
0.0483	-4.30399e-05	-0.0612515
0.0484	-4.70742e-05	-0.060272
0.0485	-5.10428e-05	-0.0592844
0.0486	-5.49451e-05	-0.0582888
0.0487	-5.87807e-05	-0.0572855
0.0488	-6.25491e-05	-0.0562745
0.0489	-6.62496e-05	-0.055256
0.049	-6.98819e-05	-0.0542301
0.0491	-7.34454e-05	-0.053197
0.0492	-7.69397e-05	-0.0521568
0.0493	-8.03643e-05	-0.0511098
0.0494	-8.37188e-05	-0.0500559
0.0495	-8.70026e-05	-0.0489954
0.0496	-9.02155e-05	-0.0479285
0.0497	-9.33569e-05	-0.0468553
0.0498	-9.64264e-05	-0.0457759
0.0499	-9.94237e-05	-0.0446905
0.05	-0.000102348	-0.0435992
0.0501	-0.0001052	-0.0425023
0.0502	-0.000107978	-0.0413998
0.0503	-0.000110682	-0.040292
0.0504	-0.000113313	-0.0391789
0.0505	-0.000115869	-0.0380608
0.0506	-0.00011835	-0.0369378
0.0507	-0.000120756	-0.0358101
0.0508	-0.000123086	-0.0346778
0.0509	-0.000125341	-0.0335411
0.051	-0.00012752	-0.0324001
0.0511	-0.000129622	-0.0312551
0.0512	-0.000131648	-0.0301061
0.0513	-0.000133597	-0.0289534
0.0514	-0.00013547	-0.0277972
0.0515	-0.000137265	-0.0266374
0.0516	-0.000138982	-0.0254745
0.0517	-0.000140622	-0.0243084
0.0518	-0.000142184	-0.0231395
0.0519	-0.000143668	-0.0219678
0.052	-0.000145073	-0.0207935
0.0521	-0.0001464	-0.0196167
0.0522	-0.000147649	-0.0184378
0.0523	-0.000148819	-0.0172568
0.0524	-0.00014991	-0.0160738
0.0525	-0.000150922	-0.0148892
0.0526	-0.000151855	-0.0137029
0.0527	-0.000152709	-0.0125153
0.0528	-0.000153484	-0.0113264
0.0529	-0.000154179	-0.0101365
0.053	-0.000154795	-0.00894575
0.0531	-0.000155332	-0.00775425
0.0532	-0.000155789	-0.00656221
0.0533	-0.000156166	-0.0053698
0.0534	-0.000156464	-0.0041772
0.0535	-0.000156683	-0.00298457
0.0536	-0.000156822	-0.00179208
0.0537	-0.000156882	-0.000599916
0.0538	-0.000156862	0.000591764
0.0539	-0.000156763	0.00178279
0.054	-0.000156584	0.00297298
0.0541	-0.000156326	0.00416217
0.0542	-0.000155989	0.00535018
0.0543	-0.000155573	0.00653686
0.0544	-0.000155077	0.00772202
0.0545	-0.000154503	0.00890549
0.0546	-0.00015385	0.0100871
0.0547	-0.000153118	0.0112667
0.0548	-0.000152308	0.0124441
0.0549	-0.00015142	0.0136192
0.055	-0.000150453	0.0147917
0.0551	-0.000149408	0.0159615
0.0552	-0.000148285	0.0171284
0.0553	-0.000147085	0.0182924
0.0554	-0.000145807	0.0194531
0.0555	-0.000144452	0.0206104
0.0556	-0.00014302	0.0217642
0.0557	-0.000141511	0.0229143
0.0558	-0.000139926	0.0240605
0.0559	-0.000138265	0.0252028
0.056	-0.000136527	0.0263408
0.0561	-0.000134714	0.0274744
0.0562	-0.000132826	0.0286035
0.0563	-0.000130863	0.029728
0.0564	-0.000128824	0.0308476
0.0565	-0.000126712	0.0319622
0.0566	-0.000124525	0.0330716
0.0567	-0.000122265	0.0341757
0.0568	-0.000119931	0.0352743
0.0569	-0.000117525	0.0363673
0.057	-0.000115046	0.0374545
0.0571	-0.000112495	0.0385357
0.0572	-0.000109871	0.0396108
0.0573	-0.000107177	0.0406797
0.0574	-0.000104412	0.0417421
0.0575	-0.000101576	0.042798
0.0576	-9.86699e-05	0.0438471
0.0577	-9.56943e-05	0.0448894
0.0578	-9.26497e-05	0.0459246
0.0579	-8.95364e-05	0.0469527
0.058	-8.63549e-05	0.0479734
0.0581	-8.31057e-05	0.0489867
0.0582	-7.97894e-05	0.0499924
0.0583	-7.64064e-05	0.0509903
0.0584	-7.29573e-05	0.0519803
0.0585	-6.94426e-05	0.0529623
0.0586	-6.58628e-05	0.0539361
0.0587	-6.22185e-05	0.0549015
0.0588	-5.85103e-05	0.0558585
0.0589	-5.47387e-05	0.056807
0.059	-5.09043e-05	0.0577466
0.0591	-4.70078e-05	0.0586774
0.0592	-4.30496e-05	0.0595992
0.0593	-3.90304e-05	0.0605119
0.0594	-3.49509e-05	0.0614153
0.0595	-3.08116e-05	0.0623093
0.0596	-2.66131e-05	0.0631938
0.0597	-2.23562e-05	0.0640686
0.0598	-1.80415e-05	0.0649336
0.0599	-1.36695e-05	0.0657888
0.06	-9.24112e-06	0.0666339
0.0601	-4.75686e-06	0.0674689
0.0602	-2.17453e-07	0.0682936
0.0603	4.37642e-06	0.0691079
0.0604	9.02405e-06	0.0699117
0.0605	1.37247e-05	0.0707049
0.0606	1.84778e-05	0.0714874
0.0607	2.32824e-05	0.0722591
0.0608	2.8138e-05	0.0730197
0.0609	3.30437e-05	0.0737694
0.061	3.79988e-05	0.0745078
0.0611	4.30026e-05	0.075235
0.0612	4.80543e-05	0.0759508
0.0613	5.31531e-05	0.0766551
0.0614	5.82983e-05	0.0773478
0.0615	6.34891e-05	0.0780289
0.0616	6.87247e-05	0.0786981
0.0617	7.40043e-05	0.0793555
0.0618	7.93272e-05	0.0800009
0.0619	8.46925e-05	0.0806343
0.062	9.00994e-05	0.0812555
0.0621	9.55471e-05	0.0818644
0.0622	0.000101035	0.082461
0.0623	0.000106562	0.0830452
0.0624	0.000112127	0.0836169
0.0625	0.000117729	0.0841761
0.0626	0.000123369	0.0847225
0.0627	0.000129044	0.0852562
0.0628	0.000134754	0.0857771
0.0629	0.000140498	0.0862851
0.063	0.000146275	0.0867802
0.0631	0.000152085	0.0872622
0.0632	0.000157926	0.0877311
0.0633	0.000163798	0.0881868
0.0634	0.000169699	0.0886293
0.0635	0.000175629	0.0890585
0.0636	0.000181587	0.0894743
0.0637	0.000187573	0.0898768
0.0638	0.000193584	0.0902657
0.0639	0.000199621	0.0906411
0.064	0.000205682	0.0910029
0.0641	0.000211766	0.0913511
0.0642	0.000217873	0.0916855
0.0643	0.000224002	0.0920063
0.0644	0.000230151	0.0923132
0.0645	0.00023632	0.0926063
0.0646	0.000242508	0.0928856
0.0647	0.000248714	0.093151
0.0648	0.000254937	0.0934024
0.0649	0.000261175	0.0936398
0.065	0.000267429	0.0938632
0.0651	0.000273698	0.0940725
0.0652	0.000279979	0.0942678
0.0653	0.000286273	0.094449
0.0654	0.000292578	0.094616
0.0655	0.000298893	0.0947689
0.0656	0.000305218	0.0949076
0.0657	0.000311552	0.0950321
0.0658	0.000317893	0.0951424
0.0659	0.000324241	0.0952385
0.066	0.000330594	0.0953203
0.0661	0.000336952	0.0953879
0.0662	0.000343314	0.0954412
0.0663	0.000349679	0.0954802
0.0664	0.000356046	0.0955049
0.0665	0.000362413	0.0955154
0.0666	0.000368781	0.0955116
0.0667	0.000375148	0.0954935
0.0668	0.000381512	0.0954612
0.0669	0.000387874	0.0954145
0.067	0.000394232	0.0953536
0.0671	0.000400585	0.0952785
0.0672	0.000406933	0.0951891
0.0673	0.000413274	0.0950854
0.0674	0.000419607	0.0949676
0.0675	0.000425932	0.0948355
0.0676	0.000432247	0.0946893
0.0677	0.000438552	0.0945289
0.0678	0.000444845	0.0943544
0.0679	0.000451126	0.0941658
0.068	0.000457393	0.093963
0.0681	0.000463647	0.0937463
0.0682	0.000469885	0.0935155
0.0683	0.000476107	0.0932707
0.0684	0.000482312	0.093012
0.0685	0.0004885	0.0927394
0.0686	0.000494668	0.0924529
0.0687	0.000500816	0.0921525
0.0688	0.000506944	0.0918384
0.0689	0.000513051	0.0915105
0.069	0.000519134	0.0911689
0.0691	0.000525194	0.0908137
0.0692	0.00053123	0.0904449
0.0693	0.000537241	0.0900625
0.0694	0.000543225	0.0896667
0.0695	0.000549182	0.0892574
0.0696	0.000555112	0.0888348
0.0697	0.000561012	0.0883988
0.0698	0.000566883	0.0879496
0.0699	0.000572723	0.0874873
0.07	0.000578532	0.0870118
0.0701	0.000584308	0.0865232
0.0702	0.000590052	0.0860217
0.0703	0.000595761	0.0855073
0.0704	0.000601435	0.0849801
0.0705	0.000607073	0.0844401
0.0706	0.000612675	0.0838875
0.0707	0.000618239	0.0833222
0.0708	0.000623765	0.0827445
0.0709	0.000629252	0.0821543
0.071	0.000634698	0.0815517
0.0711	0.000640104	0.080937
0.0712	0.000645469	0.08031
0.0713	0.000650791	0.079671
0.0714	0.00065607	0.07902
0.0715	0.000661304	0.0783571
0.0716	0.000666494	0.0776824
0.0717	0.000671639	0.076996
0.0718	0.000676737	0.0762981
0.0719	0.000681788	0.0755886
0.072	0.000686791	0.0748677
0.0721	0.000691746	0.0741356
0.0722	0.000696651	0.0733922
0.0723	0.000701506	0.0726378
0.0724	0.00070631	0.0718724
0.0725	0.000711063	0.0710962
0.0726	0.000715763	0.0703092
0.0727	0.00072041	0.0695116
0.0728	0.000725004	0.0687035
0.0729	0.000729543	0.067885
0.073	0.000734027	0.0670562
0.0731	0.000738455	0.0662172
0.0732	0.000742827	0.0653682
0.0733	0.000747142	0.0645093
0.0734	0.000751399	0.0636406
0.0735	0.000755598	0.0627622
0.0736	0.000759738	0.0618743
0.0737	0.000763818	0.0609769
0.0738	0.000767837	0.0600703
0.0739	0.000771796	0.0591546
0.074	0.000775693	0.0582298
0.0741	0.000779528	0.0572961
0.0742	0.000783301	0.0563537
0.0743	0.00078701	0.0554026
0.0744	0.000790656	0.0544431
0.0745	0.000794237	0.0534753
0.0746	0.000797753	0.0524992
0.0747	0.000801203	0.0515151
0.0748	0.000804588	0.0505231
0.0749	0.000807906	0.0495233
0.075	0.000811157	0.0485158
0.0751	0.00081434	0.0475009
0.0752	0.000817456	0.0464787
0.0753	0.000820503	0.0454492
0.0754	0.000823481	0.0444127
0.0755	0.000826389	0.0433694
0.0756	0.000829228	0.0423192
0.0757	0.000831996	0.0412625
0.0758	0.000834694	0.0401994
0.0759	0.00083732	0.03913
0.076	0.000839875	0.0380544
0.0761	0.000842357	0.0369729
0.0762	0.000844768	0.0358855
0.0763	0.000847105	0.0347925
0.0764	0.00084937	0.033694
0.0765	0.00085156	0.0325901
0.0766	0.000853678	0.0314811
0.0767	0.00085572	0.030367
0.0768	0.000857689	0.0292481
0.0769	0.000859582	0.0281244
0.077	0.000861401	0.0269963
0.0771	0.000863143	0.0258637
0.0772	0.000864811	0.0247269
0.0773	0.000866402	0.0235861
0.0774	0.000867917	0.0224414
0.0775	0.000869355	0.021293
0.0776	0.000870717	0.020141
0.0777	0.000872002	0.0189856
0.0778	0.000873209	0.017827
0.0779	0.000874339	0.0166653
0.078	0.000875392	0.0155008
0.0781	0.000876367	0.0143335
0.0782	0.000877264	0.0131637
0.0783	0.000878082	0.0119915
0.0784	0.000878823	0.0108171
0.0785	0.000879485	0.00964065
0.0786	0.000880069	0.00846232
0.0787	0.000880573	0.00728228
0.0788	0.000881	0.00610072
0.0789	0.000881347	0.00491779
0.079	0.000881615	0.00373366
0.0791	0.000881805	0.00254852
0.0792	0.000881915	0.00136252
0.0793	0.000881946	0.000175841
0.0794	0.000881898	-0.00101134
0.0795	0.000881771	-0.00219887
0.0796	0.000881565	-0.00338656
0.0797	0.00088128	-0.00457424
0.0798	0.000880915	-0.00576175
0.0799	0.000880472	-0.00694891
0.08	0.000879949	-0.00813555
0.0801	0.000879347	-0.0093215
0.0802	0.000878666	-0.0105066
0.0803	0.000877906	-0.0116907
0.0804	0.000877067	-0.0128735
0.0805	0.00087615	-0.014055
0.0806	0.000875153	-0.0152349
0.0807	0.000874078	-0.0164131
0.0808	0.000872925	-0.0175895
0.0809	0.000871694	-0.0187638
0.081	0.000870384	-0.0199358
0.0811	0.000868996	-0.0211055
0.0812	0.00086753	-0.0222726
0.0813	0.000865987	-0.023437
0.0814	0.000864366	-0.0245984
0.0815	0.000862668	-0.0257569
0.0816	0.000860893	-0.026912
0.0817	0.000859041	-0.0280638
0.0818	0.000857112	-0.029212
0.0819	0.000855107	-0.0303565
0.082	0.000853026	-0.0314971
0.0821	0.000850869	-0.0326336
0.0822	0.000848637	-0.0337659
0.0823	0.000846329	-0.0348938
0.0824	0.000843947	-0.0360172
0.0825	0.000841489	-0.0371359
0.0826	0.000838958	-0.0382496
0.0827	0.000836352	-0.0393584
0.0828	0.000833673	-0.0404619
0.0829	0.00083092	-0.0415601
0.083	0.000828094	-0.0426528
0.0831	0.000825196	-0.0437398
0.0832	0.000822226	-0.044821
0.0833	0.000819184	-0.0458962
0.0834	0.00081607	-0.0469652
0.0835	0.000812886	-0.048028
0.0836	0.000809631	-0.0490843
0.0837	0.000806306	-0.050134
0.0838	0.000802911	-0.051177
0.0839	0.000799447	-0.0522131
0.084	0.000795915	-0.0532421
0.0841	0.000792314	-0.0542639
0.0842	0.000788645	-0.0552784
0.0843	0.000784909	-0.0562854
0.0844	0.000781107	-0.0572847
0.0845	0.000777238	-0.0582763
0.0846	0.000773303	-0.05926
0.0847	0.000769304	-0.0602355
0.0848	0.000765239	-0.0612029
0.0849	0.000761111	-0.0621619
0.085	0.000756919	-0.0631125
0.0851	0.000752664	-0.0640544
0.0852	0.000748347	-0.0649875
0.0853	0.000743968	-0.0659118
0.0854	0.000739528	-0.066827
0.0855	0.000735027	-0.0677331
0.0856	0.000730467	-0.0686299
0.0857	0.000725847	-0.0695172
0.0858	0.000721168	-0.0703951
0.0859	0.000716431	-0.0712632
0.086	0.000711637	-0.0721215
0.0861	0.000706787	-0.07297
0.0862	0.00070188	-0.0738083
0.0863	0.000696917	-0.0746365
0.0864	0.000691901	-0.0754545
0.0865	0.00068683	-0.076262
0.0866	0.000681705	-0.077059
0.0867	0.000676529	-0.0778453
0.0868	0.0006713	-0.078621
0.0869	0.00066602	-0.0793857
0.087	0.00066069	-0.0801395
0.0871	0.00065531	-0.0808822
0.0872	0.000649881	-0.0816137
0.0873	0.000644404	-0.0823339
0.0874	0.000638879	-0.0830427
0.0875	0.000633308	-0.08374
0.0876	0.000627691	-0.0844258
0.0877	0.000622028	-0.0850998
0.0878	0.000616322	-0.085762
0.0879	0.000610571	-0.0864123
0.088	0.000604778	-0.0870507
0.0881	0.000598943	-0.0876769
0.0882	0.000593067	-0.088291
0.0883	0.000587151	-0.0888928
0.0884	0.000581195	-0.0894823
0.0885	0.000575201	-0.0900594
0.0886	0.000569168	-0.0906239
0.0887	0.000563099	-0.0911759
0.0888	0.000556993	-0.0917151
0.0889	0.000550852	-0.0922417
0.089	0.000544677	-0.0927553
0.0891	0.000538468	-0.0932561
0.0892	0.000532226	-0.0937439
0.0893	0.000525953	-0.0942187
0.0894	0.000519648	-0.0946803
0.0895	0.000513314	-0.0951288
0.0896	0.00050695	-0.095564
0.0897	0.000500558	-0.0959859
0.0898	0.000494138	-0.0963945
0.0899	0.000487692	-0.0967896
0.09	0.00048122	-0.0971712
0.0901	0.000474723	-0.0975393
0.0902	0.000468203	-0.0978938
0.0903	0.000461659	-0.0982346
0.0904	0.000455094	-0.0985617
0.0905	0.000448507	-0.0988751
0.0906	0.0004419	-0.0991747
0.0907	0.000435274	-0.0994605
0.0908	0.00042863	-0.0997324
0.0909	0.000421968	-0.0999904
0.091	0.000415289	-0.100234
0.0911	0.000408595	-0.100464
0.0912	0.000401887	-0.10068
0.0913	0.000395165	-0.100882
0.0914	0.00038843	-0.10107
0.0915	0.000381683	-0.101244
0.0916	0.000374925	-0.101404
0.0917	0.000368157	-0.101549
0.0918	0.000361381	-0.101681
0.0919	0.000354596	-0.101798
0.092	0.000347804	-0.101901
0.0921	0.000341006	-0.101989
0.0922	0.000334203	-0.102064
0.0923	0.000327396	-0.102124
0.0924	0.000320585	-0.10217
0.0925	0.000313772	-0.102201
0.0926	0.000306958	-0.102219
0.0927	0.000300143	-0.102222
0.0928	0.000293329	-0.102211
0.0929	0.000286516	-0.102185
0.093	0.000279705	-0.102146
0.0931	0.000272898	-0.102091
0.0932	0.000266095	-0.102023
0.0933	0.000259298	-0.101941
0.0934	0.000252506	-0.101844
0.0935	0.000245722	-0.101733
0.0936	0.000238946	-0.101608
0.0937	0.000232179	-0.101468
0.0938	0.000225422	-0.101315
0.0939	0.000218676	-0.101147
0.094	0.000211942	-0.100965
0.0941	0.000205221	-0.100769
0.0942	0.000198513	-0.100559
0.0943	0.000191821	-0.100335
0.0944	0.000185143	-0.100097
0.0945	0.000178483	-0.0998452
0.0946	0.00017184	-0.0995793
0.0947	0.000165215	-0.0992994
0.0948	0.00015861	-0.0990056
0.0949	0.000152025	-0.0986981
0.095	0.000145461	-0.0983767
0.0951	0.000138919	-0.0980416
0.0952	0.000132401	-0.0976929
0.0953	0.000125906	-0.0973305
0.0954	0.000119436	-0.0969545
0.0955	0.000112992	-0.096565
0.0956	0.000106574	-0.0961621
0.0957	0.000100184	-0.0957457
0.0958	9.38225e-05	-0.0953159
0.0959	8.74903e-05	-0.0948729
0.096	8.11882e-05	-0.0944166
0.0961	7.49173e-05	-0.0939472
0.0962	6.86782e-05	-0.0934647
0.0963	6.24721e-05	-0.0929691
0.0964	5.62995e-05	-0.0924606
0.0965	5.01616e-05	-0.0919393
0.0966	4.4059e-05	-0.0914051
0.0967	3.79927e-05	-0.0908581
0.0968	3.19635e-05	-0.0902986
0.0969	2.59722e-05	-0.0897264
0.097	2.00197e-05	-0.0891418
0.0971	1.41068e-05	-0.0885447
0.0972	8.23437e-06	-0.0879353
0.0973	2.40314e-06	-0.0873137
0.0974	-3.38605e-06	-0.08668
0.0975	-9.13238e-06	-0.0860342
0.0976	-1.48351e-05	-0.0853764
0.0977	-2.04933e-05	-0.0847068
0.0978	-2.61063e-05	-0.0840254
0.0979	-3.16732e-05	-0.0833323
0.098	-3.71934e-05	-0.0826276
0.0981	-4.26661e-05	-0.0819115
0.0982	-4.80904e-05	-0.081184
0.0983	-5.34657e-05	-0.0804453
0.0984	-5.87911e-05	-0.0796953
0.0985	-6.4066e-05	-0.0789344
0.0986	-6.92896e-05	-0.0781625
0.0987	-7.44612e-05	-0.0773797
0.0988	-7.95801e-05	-0.0765863
0.0989	-8.46456e-05	-0.0757822
0.099	-8.96569e-05	-0.0749677
0.0991	-9.46134e-05	-0.0741427
0.0992	-9.95144e-05	-0.0733076
0.0993	-0.000104359	-0.0724623
0.0994	-0.000109147	-0.0716069
0.0995	-0.000113878	-0.0707417
0.0996	-0.00011855	-0.0698668
0.0997	-0.000123163	-0.0689821
0.0998	-0.000127717	-0.068088
0.0999	-0.000132211	-0.0671845
0.1	-0.000136644	-0.0662718
0.1001	-0.000141016	-0.0653499
0.1002	-0.000145326	-0.064419
0.1003	-0.000149574	-0.0634793
0.1004	-0.000153758	-0.0625308
0.1005	-0.000157879	-0.0615738
0.1006	-0.000161935	-0.0606083
0.1007	-0.000165927	-0.0596345
0.1008	-0.000169853	-0.0586525
0.1009	-0.000173714	-0.0576626
0.101	-0.000177508	-0.0566647
0.1011	-0.000181235	-0.0556591
0.1012	-0.000184895	-0.0546459
0.1013	-0.000188487	-0.0536252
0.1014	-0.00019201	-0.0525972
0.1015	-0.000195465	-0.0515621
0.1016	-0.00019885	-0.05052
0.1017	-0.000202166	-0.049471
0.1018	-0.000205411	-0.0484153
0.1019	-0.000208585	-0.047353
0.102	-0.000211688	-0.0462844
0.1021	-0.00021472	-0.0452094
0.1022	-0.00021768	-0.0441284
0.1023	-0.000220567	-0.0430415
0.1024	-0.000223382	-0.0419488
0.1025	-0.000226123	-0.0408504
0.1026	-0.000228791	-0.0397466
0.1027	-0.000231385	-0.0386374
0.1028	-0.000233905	-0.0375232
0.1029	-0.000236351	-0.0364039
0.103	-0.000238721	-0.0352798
0.1031	-0.000241017	-0.034151
0.1032	-0.000243236	-0.0330177
0.1033	-0.00024538	-0.0318801
0.1034	-0.000247449	-0.0307383
0.1035	-0.00024944	-0.0295925
0.1036	-0.000251355	-0.0284428
0.1037	-0.000253194	-0.0272894
0.1038	-0.000254955	-0.0261326
0.1039	-0.000256639	-0.0249723
0.104	-0.000258245	-0.0238089
0.1041	-0.000259774	-0.0226425
0.1042	-0.000261225	-0.0214732
0.1043	-0.000262598	-0.0203013
0.1044	-0.000263892	-0.0191268
0.1045	-0.000265108	-0.0179499
0.1046	-0.000266246	-0.0167709
0.1047	-0.000267304	-0.0155899
0.1048	-0.000268284	-0.0144071
0.1049	-0.000269185	-0.0132226
0.105	-0.000270007	-0.0120366
0.1051	-0.00027075	-0.0108492
0.1052	-0.000271414	-0.00966072
0.1053	-0.000271998	-0.00847124
0.1054	-0.000272503	-0.00728095
0.1055	-0.000272929	-0.00609001
0.1056	-0.000273275	-0.0048986
0.1057	-0.000273542	-0.00370689
0.1058	-0.000273729	-0.00251505
0.1059	-0.000273837	-0.00132326
0.106	-0.000273865	-0.000131673
0.1061	-0.000273814	0.00105952
0.1062	-0.000273684	0.00225017
0.1063	-0.000273474	0.00344008
0.1064	-0.000273185	0.00462909
0.1065	-0.000272817	0.00581704
0.1066	-0.000272369	0.00700375
0.1067	-0.000271843	0.00818904
0.1068	-0.000271237	0.00937275
0.1069	-0.000270553	0.0105547
0.107	-0.00026979	0.0117348
0.1071	-0.000268949	0.0129127
0.1072	-0.000268029	0.0140884
0.1073	-0.000267031	0.0152617
0.1074	-0.000265954	0.0164323
0.1075	-0.0002648	0.0176002
0.1076	-0.000263568	0.0187652
0.1077	-0.000262259	0.019927
0.1078	-0.000260872	0.0210856
0.1079	-0.000259409	0.0222408
0.108	-0.000257868	0.0233923
0.1081	-0.000256251	0.0245401
0.1082	-0.000254557	0.025684
0.1083	-0.000252788	0.0268237
0.1084	-0.000250943	0.0279592
0.1085	-0.000249022	0.0290903
0.1086	-0.000247026	0.0302168
0.1087	-0.000244955	0.0313385
0.1088	-0.00024281	0.0324554
0.1089	-0.00024059	0.0335671
0.109	-0.000238297	0.0346737
0.1091	-0.00023593	0.0357748
0.1092	-0.00023349	0.0368704
0.1093	-0.000230977	0.0379603
0.1094	-0.000228392	0.0390443
0.1095	-0.000225735	0.0401223
0.1096	-0.000223006	0.0411942
0.1097	-0.000220206	0.0422597
0.1098	-0.000217336	0.0433187
0.1099	-0.000214395	0.0443711
0.11	-0.000211384	0.0454167
0.1101	-0.000208304	0.0464554
0.1102	-0.000205155	0.047487
0.1103	-0.000201938	0.0485114
0.1104	-0.000198653	0.0495284
0.1105	-0.0001953	0.0505379
0.1106	-0.000191881	0.0515397
0.1107	-0.000188395	0.0525337
0.1108	-0.000184843	0.0535197
0.1109	-0.000181226	0.0544976
0.111	-0.000177544	0.0554673
0.1111	-0.000173798	0.0564287
0.1112	-0.000169988	0.0573815
0.1113	-0.000166115	0.0583256
0.1114	-0.00016218	0.059261
0.1115	-0.000158182	0.0601874
0.1116	-0.000154124	0.0611048
0.1117	-0.000150004	0.062013
0.1118	-0.000145825	0.0629119
0.1119	-0.000141586	0.0638013
0.112	-0.000137289	0.0646812
0.1121	-0.000132933	0.0655513
0.1122	-0.000128519	0.0664116
0.1123	-0.000124049	0.067262
0.1124	-0.000119523	0.0681023
0.1125	-0.000114941	0.0689324
0.1126	-0.000110304	0.0697522
0.1127	-0.000105613	0.0705616
0.1128	-0.000100869	0.0713604
0.1129	-9.60719e-05	0.0721486
0.113	-9.12229e-05	0.0729259
0.1131	-8.63226e-05	0.0736924
0.1132	-8.13717e-05	0.0744479
0.1133	-7.63711e-05	0.0751923
0.1134	-7.13214e-05	0.0759255
0.1135	-6.62233e-05	0.0766474
0.1136	-6.10778e-05	0.0773578
0.1137	-5.58854e-05	0.0780567
0.1138	-5.0647e-05	0.078744
0.1139	-4.53634e-05	0.0794196
0.114	-4.00353e-05	0.0800834
0.1141	-3.46636e-05	0.0807352
0.1142	-2.92491e-05	0.081375
0.1143	-2.37925e-05	0.0820028
0.1144	-1.82946e-05	0.0826183
0.1145	-1.27564e-05	0.0832216
0.1146	-7.17849e-06	0.0838125
0.1147	-1.56185e-06	0.0843909
0.1148	4.09272e-06	0.0849568
0.1149	9.78438e-06	0.0855101
0.115	1.55123e-05	0.0860507
0.1151	2.12756e-05	0.0865786
0.1152	2.70735e-05	0.0870936
0.1153	3.2905e-05	0.0875956
0.1154	3.87694e-05	0.0880847
0.1155	4.46657e-05	0.0885607
0.1156	5.05931e-05	0.0890236
0.1157	5.65506e-05	0.0894733
0.1158	6.25375e-05	0.0899097
0.1159	6.85529e-05	0.0903328
0.116	7.45957e-05	0.0907425
0.1161	8.06652e-05	0.0911387
0.1162	8.67604e-05	0.0915215
0.1163	9.28805e-05	0.0918907
0.1164	9.90245e-05	0.0922463
0.1165	0.000105192	0.0925882
0.1166	0.000111381	0.0929165
0.1167	0.000117591	0.093231
0.1168	0.000123822	0.0935316
0.1169	0.000130072	0.0938185
0.117	0.00013634	0.0940914
0.1171	0.000142626	0.0943504
0.1172	0.000148928	0.0945955
0.1173	0.000155246	0.0948265
0.1174	0.000161579	0.0950436
0.1175	0.000167926	0.0952465
0.1176	0.000174285	0.0954354
0.1177	0.000180656	0.0956102
0.1178	0.000187038	0.0957708
0.1179	0.000193431	0.0959173
0.118	0.000199832	0.0960495
0.1181	0.000206241	0.0961676
0.1182	0.000212658	0.0962715
0.1183	0.00021908	0.0963611
0.1184	0.000225508	0.0964365
0.1185	0.000231941	0.0964976
0.1186	0.000238376	0.0965444
0.1187	0.000244814	0.096577
0.1188	0.000251254	0.0965953
0.1189	0.000257694	0.0965993
0.119	0.000264133	0.096589
0.1191	0.000270571	0.0965645
0.1192	0.000277007	0.0965257
0.1193	0.00028344	0.0964726
0.1194	0.000289868	0.0964052
0.1195	0.000296291	0.0963236
0.1196	0.000302708	0.0962278
0.1197	0.000309118	0.0961177
0.1198	0.000315519	0.0959935
0.1199	0.000321912	0.095855
0.12	0.000328295	0.0957023
0.1201	0.000334667	0.0955356
0.1202	0.000341027	0.0953547
0.1203	0.000347374	0.0951596
0.1204	0.000353708	0.0949506
0.1205	0.000360027	0.0947275
0.1206	0.00036633	0.0944903
0.1207	0.000372617	0.0942392
0.1208	0.000378886	0.0939742
0.1209	0.000385137	0.0936953
0.121	0.000391369	0.0934025
0.1211	0.00039758	0.0930959
0.1212	0.000403771	0.0927755
0.1213	0.000409939	0.0924414
0.1214	0.000416085	0.0920936
0.1215	0.000422206	0.0917322
0.1216	0.000428303	0.0913573
0.1217	0.000434374	0.0909688
0.1218	0.000440419	0.0905668
0.1219	0.000446436	0.0901515
0.122	0.000452424	0.0897228
0.1221	0.000458384	0.0892808
0.1222	0.000464313	0.0888256
0.1223	0.000470211	0.0883572
0.1224	0.000476078	0.0878758
0.1225	0.000481911	0.0873813
0.1226	0.000487711	0.0868739
0.1227	0.000493477	0.0863536
0.1228	0.000499207	0.0858206
0.1229	0.000504901	0.0852748
0.123	0.000510558	0.0847164
0.1231	0.000516177	0.0841454
0.1232	0.000521758	0.0835619
0.1233	0.000527299	0.0829661
0.1234	0.0005328	0.0823579
0.1235	0.000538259	0.0817375
0.1236	0.000543676	0.081105
0.1237	0.000549051	0.0804605
0.1238	0.000554382	0.079804
0.1239	0.000559669	0.0791356
0.124	0.000564911	0.0784555
0.1241	0.000570107	0.0777638
0.1242	0.000575256	0.0770605
0.1243	0.000580357	0.0763457
0.1244	0.00058541	0.0756196
0.1245	0.000590415	0.0748822
0.1246	0.000595369	0.0741338
0.1247	0.000600274	0.0733742
0.1248	0.000605127	0.0726038
0.1249	0.000609928	0.0718225
0.125	0.000614676	0.0710306
0.1251	0.000619371	0.070228
0.1252	0.000624013	0.069415
0.1253	0.000628599	0.0685916
0.1254	0.00063313	0.0677581
0.1255	0.000637605	0.0669143
0.1256	0.000642023	0.0660607
0.1257	0.000646384	0.0651971
0.1258	0.000650686	0.0643238
0.1259	0.00065493	0.0634409
0.126	0.000659115	0.0625485
0.1261	0.00066324	0.0616467
0.1262	0.000667304	0.0607357
0.1263	0.000671307	0.0598156
0.1264	0.000675248	0.0588865
0.1265	0.000679127	0.0579487
0.1266	0.000682942	0.0570021
0.1267	0.000686695	0.0560469
0.1268	0.000690383	0.0550833
0.1269	0.000694006	0.0541115
0.127	0.000697565	0.0531315
0.1271	0.000701057	0.0521435
0.1272	0.000704483	0.0511476
0.1273	0.000707843	0.0501441
0.1274	0.000711135	0.0491329
0.1275	0.00071436	0.0481144
0.1276	0.000717516	0.0470885
0.1277	0.000720603	0.0460555
0.1278	0.000723621	0.0450156
0.1279	0.00072657	0.0439688
0.128	0.000729448	0.0429153
0.1281	0.000732256	0.0418553
0.1282	0.000734993	0.040789
0.1283	0.000737659	0.0397164
0.1284	0.000740252	0.0386377
0.1285	0.000742774	0.0375531
0.1286	0.000745222	0.0364628
0.1287	0.000747598	0.0353669
0.1288	0.000749901	0.0342655
0.1289	0.00075213	0.0331589
0.129	0.000754285	0.0320471
0.1291	0.000756365	0.0309304
0.1292	0.000758371	0.0298089
0.1293	0.000760301	0.0286827
0.1294	0.000762157	0.0275521
0.1295	0.000763937	0.0264171
0.1296	0.000765641	0.025278
0.1297	0.000767269	0.0241349
0.1298	0.00076882	0.022988
0.1299	0.000770295	0.0218375
0.13	0.000771693	0.0206834
0.1301	0.000773014	0.0195261
0.1302	0.000774257	0.0183656
0.1303	0.000775423	0.017202
0.1304	0.000776511	0.0160357
0.1305	0.000777522	0.0148667
0.1306	0.000778454	0.0136953
0.1307	0.000779308	0.0125215
0.1308	0.000780084	0.0113456
0.1309	0.000780781	0.0101677
0.131	0.0007814	0.00898795
0.1311	0.00078194	0.00780661
0.1312	0.000782401	0.00662381
0.1313	0.000782783	0.0054397
0.1314	0.000783086	0.00425448
0.1315	0.00078331	0.0030683
0.1316	0.000783455	0.00188134
0.1317	0.000783521	0.000693767
0.1318	0.000783507	-0.000494244
0.1319	0.000783415	-0.00168252
0.132	0.000783243	-0.0028709
0.1321	0.000782992	-0.0040592
0.1322	0.000782662	-0.00524726
0.1323	0.000782252	-0.0064349
0.1324	0.000781764	-0.00762195
0.1325	0.000781196	-0.00880824
0.1326	0.000780549	-0.0099936
0.1327	0.000779823	-0.0111779
0.1328	0.000779019	-0.0123609
0.1329	0.000778135	-0.0135424
0.133	0.000777173	-0.0147223
0.1331	0.000776133	-0.0159005
0.1332	0.000775014	-0.0170767
0.1333	0.000773816	-0.0182507
0.1334	0.000772541	-0.0194225
0.1335	0.000771187	-0.0205918
0.1336	0.000769756	-0.0217585
0.1337	0.000768247	-0.0229224
0.1338	0.00076666	-0.0240834
0.1339	0.000764996	-0.0252412
0.134	0.000763256	-0.0263957
0.1341	0.000761438	-0.0275467
0.1342	0.000759544	-0.0286941
0.1343	0.000757574	-0.0298377
0.1344	0.000755527	-0.0309773
0.1345	0.000753405	-0.0321128
0.1346	0.000751207	-0.033244
0.1347	0.000748934	-0.0343708
0.1348	0.000746587	-0.0354929
0.1349	0.000744164	-0.0366103
0.135	0.000741668	-0.0377227
0.1351	0.000739097	-0.0388301
0.1352	0.000736453	-0.0399321
0.1353	0.000733736	-0.0410288
0.1354	0.000730946	-0.0421199
0.1355	0.000728083	-0.0432052
0.1356	0.000725149	-0.0442847
0.1357	0.000722143	-0.0453581
0.1358	0.000719065	-0.0464253
0.1359	0.000715917	-0.0474861
0.136	0.000712698	-0.0485405
0.1361	0.000709409	-0.0495881
0.1362	0.000706051	-0.050629
0.1363	0.000702624	-0.0516629
0.1364	0.000699128	-0.0526897
0.1365	0.000695564	-0.0537093
0.1366	0.000691933	-0.0547214
0.1367	0.000688234	-0.055726
0.1368	0.000684469	-0.0567229
0.1369	0.000680638	-0.0577119
0.137	0.000676741	-0.058693
0.1371	0.000672779	-0.059666
0.1372	0.000668753	-0.0606306
0.1373	0.000664663	-0.0615869
0.1374	0.000660509	-0.0625346
0.1375	0.000656293	-0.0634737
0.1376	0.000652015	-0.064404
0.1377	0.000647675	-0.0653252
0.1378	0.000643274	-0.0662375
0.1379	0.000638813	-0.0671405
0.138	0.000634292	-0.0680341
0.1381	0.000629712	-0.0689183
0.1382	0.000625073	-0.0697929
0.1383	0.000620377	-0.0706578
0.1384	0.000615623	-0.0715128
0.1385	0.000610813	-0.0723578
0.1386	0.000605947	-0.0731928
0.1387	0.000601026	-0.0740175
0.1388	0.000596051	-0.0748319
0.1389	0.000591022	-0.0756359
0.139	0.000585939	-0.0764293
0.1391	0.000580805	-0.077212
0.1392	0.000575618	-0.0779839
0.1393	0.000570381	-0.0787449
0.1394	0.000565094	-0.0794948
0.1395	0.000559757	-0.0802337
0.1396	0.000554371	-0.0809613
0.1397	0.000548938	-0.0816776
0.1398	0.000543457	-0.0823825
0.1399	0.00053793	-0.0830758
0.14	0.000532358	-0.0837574
0.1401	0.00052674	-0.0844274
0.1402	0.000521078	-0.0850855
0.1403	0.000515374	-0.0857316
0.1404	0.000509626	-0.0863658
0.1405	0.000503837	-0.0869878
0.1406	0.000498007	-0.0875976
0.1407	0.000492137	-0.0881951
0.1408	0.000486228	-0.0887802
0.1409	0.000480281	-0.0893529
0.141	0.000474296	-0.089913
0.1411	0.000468274	-0.0904605
0.1412	0.000462216	-0.0909953
0.1413	0.000456123	-0.0915173
0.1414	0.000449997	-0.0920265
0.1415	0.000443836	-0.0925227
0.1416	0.000437644	-0.0930059
0.1417	0.00043142	-0.093476
0.1418	0.000425165	-0.093933
0.1419	0.00041888	-0.0943768
0.142	0.000412567	-0.0948073
0.1421	0.000406225	-0.0952245
0.1422	0.000399857	-0.0956283
0.1423	0.000393462	-0.0960186
0.1424	0.000387042	-0.0963954
0.1425	0.000380597	-0.0967587
0.1426	0.000374129	-0.0971083
0.1427	0.000367638	-0.0974443
0.1428	0.000361125	-0.0977665
0.1429	0.000354592	-0.098075
0.143	0.000348039	-0.0983697
0.1431	0.000341466	-0.0986505
0.1432	0.000334876	-0.0989174
0.1433	0.000328269	-0.0991705
0.1434	0.000321645	-0.0994095
0.1435	0.000315007	-0.0996345
0.1436	0.000308354	-0.0998455
0.1437	0.000301687	-0.100042
0.1438	0.000295009	-0.100225
0.1439	0.000288318	-0.100394
0.144	0.000281618	-0.100549
0.1441	0.000274907	-0.100689
0.1442	0.000268188	-0.100815
0.1443	0.000261461	-0.100927
0.1444	0.000254728	-0.101025
0.1445	0.000247989	-0.101109
0.1446	0.000241244	-0.101178
0.1447	0.000234496	-0.101233
0.1448	0.000227745	-0.101274
0.1449	0.000220992	-0.1013
0.145	0.000214238	-0.101313
0.1451	0.000207484	-0.101311
0.1452	0.000200731	-0.101294
0.1453	0.000193979	-0.101264
0.1454	0.00018723	-0.101219
0.1455	0.000180485	-0.10116
0.1456	0.000173745	-0.101086
0.1457	0.00016701	-0.100999
0.1458	0.000160282	-0.100897
0.1459	0.000153561	-0.100781
0.146	0.000146849	-0.100651
0.1461	0.000140146	-0.100506
0.1462	0.000133453	-0.100348
0.1463	0.000126772	-0.100175
0.1464	0.000120103	-0.0999879
0.1465	0.000113447	-0.0997869
0.1466	0.000106805	-0.0995719
0.1467	0.000100179	-0.0993428
0.1468	9.35679e-05	-0.0990997
0.1469	8.6974e-05	-0.0988427
0.147	8.0398e-05	-0.0985718
0.1471	7.38407e-05	-0.0982869
0.1472	6.73032e-05	-0.0979882
0.1473	6.07862e-05	-0.0976757
0.1474	5.42908e-05	-0.0973495
0.1475	4.78178e-05	-0.0970095
0.1476	4.13681e-05	-0.0966559
0.1477	3.49428e-05	-0.0962886
0.1478	2.85425e-05	-0.0959078
0.1479	2.21684e-05	-0.0955135
0.148	1.58212e-05	-0.0951057
0.1481	9.50185e-06	-0.0946846
0.1482	3.21125e-06	-0.0942501
0.1483	-3.0497e-06	-0.0938024
0.1484	-9.28015e-06	-0.0933414
0.1485	-1.54792e-05	-0.0928673
0.1486	-2.1646e-05	-0.0923802
0.1487	-2.77797e-05	-0.09188
0.1488	-3.38793e-05	-0.0913669
0.1489	-3.99441e-05	-0.090841
0.149	-4.59733e-05	-0.0903023
0.1491	-5.19658e-05	-0.0897508
0.1492	-5.7921e-05	-0.0891868
0.1493	-6.38379e-05	-0.0886102
0.1494	-6.97158e-05	-0.0880212
0.1495	-7.55538e-05	-0.0874198
0.1496	-8.1351e-05	-0.0868061
0.1497	-8.71068e-05	-0.0861802
0.1498	-9.28202e-05	-0.0855422
0.1499	-9.84904e-05	-0.0848921
0.15	-0.000104117	-0.0842302
0.1501	-0.000109698	-0.0835564
0.1502	-0.000115234	-0.0828709
0.1503	-0.000120724	-0.0821738
0.1504	-0.000126167	-0.0814651
0.1505	-0.000131562	-0.080745
0.1506	-0.000136908	-0.0800136
0.1507	-0.000142205	-0.0792709
0.1508	-0.000147452	-0.0785171
0.1509	-0.000152648	-0.0777523
0.151	-0.000157793	-0.0769767
0.1511	-0.000162885	-0.0761902
0.1512	-0.000167925	-0.0753931
0.1513	-0.000172911	-0.0745854
0.1514	-0.000177842	-0.0737672
0.1515	-0.000182718	-0.0729388
0.1516	-0.000187539	-0.0721001
0.1517	-0.000192303	-0.0712513
0.1518	-0.00019701	-0.0703926
0.1519	-0.000201659	-0.0695241
0.152	-0.00020625	-0.0686458
0.1521	-0.000210782	-0.0677579
0.1522	-0.000215254	-0.0668606
0.1523	-0.000219666	-0.065954
0.1524	-0.000224017	-0.0650381
0.1525	-0.000228307	-0.0641132
0.1526	-0.000232534	-0.0631793
0.1527	-0.000236699	-0.0622367
0.1528	-0.0002408	-0.0612853
0.1529	-0.000244838	-0.0603255
0.153	-0.000248811	-0.0593572
0.1531	-0.000252719	-0.0583807
0.1532	-0.000256562	-0.0573961
0.1533	-0.000260338	-0.0564035
0.1534	-0.000264048	-0.0554031
0.1535	-0.000267691	-0.054395
0.1536	-0.000271267	-0.0533793
0.1537	-0.000274774	-0.0523563
0.1538	-0.000278213	-0.051326
0.1539	-0.000281583	-0.0502886
0.154	-0.000284883	-0.0492443
0.1541	-0.000288113	-0.0481932
0.1542	-0.000291273	-0.0471354
0.1543	-0.000294362	-0.0460711
0.1544	-0.00029738	-0.0450005
0.1545	-0.000300326	-0.0439237
0.1546	-0.000303199	-0.0428409
0.1547	-0.000306001	-0.0417522
0.1548	-0.000308729	-0.0406578
0.1549	-0.000311385	-0.0395578
0.155	-0.000313967	-0.0384524
0.1551	-0.000316474	-0.0373417
0.1552	-0.000318908	-0.036226
0.1553	-0.000321267	-0.0351053
0.1554	-0.00032355	-0.0339799
0.1555	-0.000325759	-0.0328498
0.1556	-0.000327892	-0.0317154
0.1557	-0.000329949	-0.0305766
0.1558	-0.00033193	-0.0294338
0.1559	-0.000333835	-0.0282869
0.156	-0.000335663	-0.0271363
0.1561	-0.000337414	-0.0259821
0.1562	-0.000339088	-0.0248245
0.1563	-0.000340685	-0.0236635
0.1564	-0.000342204	-0.0224994
0.1565	-0.000343646	-0.0213324
0.1566	-0.000345009	-0.0201626
0.1567	-0.000346294	-0.0189901
0.1568	-0.000347501	-0.0178153
0.1569	-0.00034863	-0.0166381
0.157	-0.00034968	-0.0154589
0.1571	-0.000350651	-0.0142776
0.1572	-0.000351544	-0.0130947
0.1573	-0.000352357	-0.0119101
0.1574	-0.000353092	-0.0107241
0.1575	-0.000353747	-0.00953684
0.1576	-0.000354323	-0.00834849
0.1577	-0.00035482	-0.00715922
0.1578	-0.000355238	-0.00596921
0.1579	-0.000355576	-0.00477863
0.158	-0.000355835	-0.00358764
0.1581	-0.000356014	-0.00239642
0.1582	-0.000356114	-0.00120513
0.1583	-0.000356134	-1.39637e-05
0.1584	-0.000356076	0.00117693
0.1585	-0.000355937	0.00236736
0.1586	-0.00035572	0.00355717
0.1587	-0.000355423	0.00474619
0.1588	-0.000355047	0.00593424
0.1589	-0.000354592	0.00712115
0.159	-0.000354057	0.00830675
0.1591	-0.000353444	0.00949087
0.1592	-0.000352752	0.0106733
0.1593	-0.000351981	0.011854
0.1594	-0.000351132	0.0130327
0.1595	-0.000350204	0.0142092
0.1596	-0.000349198	0.0153834
0.1597	-0.000348113	0.016555
0.1598	-0.000346951	0.0177241
0.1599	-0.000345711	0.0188902
0.16	-0.000344393	0.0200534
0.1601	-0.000342998	0.0212134
0.1602	-0.000341525	0.0223701
0.1603	-0.000339976	0.0235233
0.1604	-0.00033835	0.0246728
0.1605	-0.000336648	0.0258185
0.1606	-0.000334869	0.0269602
0.1607	-0.000333015	0.0280977
0.1608	-0.000331084	0.0292309
0.1609	-0.000329079	0.0303596
0.161	-0.000326999	0.0314836
0.1611	-0.000324843	0.0326029
0.1612	-0.000322614	0.0337171
0.1613	-0.00032031	0.0348263
0.1614	-0.000317933	0.0359301
0.1615	-0.000315483	0.0370285
0.1616	-0.000312959	0.0381213
0.1617	-0.000310363	0.0392083
0.1618	-0.000307695	0.0402894
0.1619	-0.000304955	0.0413644
0.162	-0.000302144	0.0424332
0.1621	-0.000299261	0.0434956
0.1622	-0.000296309	0.0445514
0.1623	-0.000293286	0.0456006
0.1624	-0.000290193	0.0466429
0.1625	-0.000287032	0.0476782
0.1626	-0.000283802	0.0487064
0.1627	-0.000280503	0.0497273
0.1628	-0.000277137	0.0507407
0.1629	-0.000273704	0.0517466
0.163	-0.000270204	0.0527447
0.1631	-0.000266638	0.053735
0.1632	-0.000263006	0.0547173
0.1633	-0.000259309	0.0556914
0.1634	-0.000255548	0.0566572
0.1635	-0.000251723	0.0576146
0.1636	-0.000247834	0.0585634
0.1637	-0.000243882	0.0595035
0.1638	-0.000239869	0.0604347
0.1639	-0.000235793	0.061357
0.164	-0.000231657	0.0622702
0.1641	-0.00022746	0.0631741
0.1642	-0.000223204	0.0640687
0.1643	-0.000218888	0.0649537
0.1644	-0.000214514	0.0658292
0.1645	-0.000210081	0.0666949
0.1646	-0.000205592	0.0675507
0.1647	-0.000201046	0.0683965
0.1648	-0.000196444	0.0692322
0.1649	-0.000191787	0.0700576
0.165	-0.000187076	0.0708727
0.1651	-0.000182311	0.0716773
0.1652	-0.000177492	0.0724713
0.1653	-0.000172621	0.0732547
0.1654	-0.000167699	0.0740272
0.1655	-0.000162725	0.0747887
0.1656	-0.000157702	0.0755392
0.1657	-0.000152628	0.0762786
0.1658	-0.000147507	0.0770067
0.1659	-0.000142337	0.0777235
0.166	-0.00013712	0.0784288
0.1661	-0.000131856	0.0791225
0.1662	-0.000126547	0.0798046
0.1663	-0.000121193	0.0804749
0.1664	-0.000115795	0.0811334
0.1665	-0.000110353	0.0817799
0.1666	-0.000104869	0.0824143
0.1667	-9.93438e-05	0.0830367
0.1668	-9.37773e-05	0.0836468
0.1669	-8.81707e-05	0.0842445
0.167	-8.25249e-05	0.0848299
0.1671	-7.68407e-05	0.0854028
0.1672	-7.1119e-05	0.0859632
0.1673	-6.53605e-05	0.0865108
0.1674	-5.95662e-05	0.0870458
0.1675	-5.37368e-05	0.087568
0.1676	-4.78733e-05	0.0880773
0.1677	-4.19764e-05	0.0885736
0.1678	-3.60472e-05	0.0890569
0.1679	-3.00863e-05	0.0895271
0.168	-2.40948e-05	0.0899842
0.1681	-1.80735e-05	0.090428
0.1682	-1.20232e-05	0.0908586
0.1683	-5.94494e-06	0.0912758
0.1684	1.60492e-07	0.0916796
0.1685	6.29216e-06	0.0920699
0.1686	1.24492e-05	0.0924467
0.1687	1.86306e-05	0.09281
0.1688	2.48356e-05	0.0931596
0.1689	3.10632e-05	0.0934955
0.169	3.73125e-05	0.0938177
0.1691	4.35826e-05	0.0941261
0.1692	4.98726e-05	0.0944207
0.1693	5.61815e-05	0.0947015
0.1694	6.25085e-05	0.0949683
0.1695	6.88525e-05	0.0952212
0.1696	7.52127e-05	0.0954601
0.1697	8.15881e-05	0.095685
0.1698	8.79778e-05	0.0958959
0.1699	9.43808e-05	0.0960927
0.17	0.000100796	0.0962754
0.1701	0.000107223	0.096444
0.1702	0.000113661	0.0965984
0.1703	0.000120108	0.0967387
0.1704	0.000126563	0.0968648
0.1705	0.000133027	0.0969766
0.1706	0.000139497	0.0970742
0.1707	0.000145973	0.0971576
0.1708	0.000152454	0.0972268
0.1709	0.000158938	0.0972816
0.171	0.000165426	0.0973222
0.1711	0.000171915	0.0973486
0.1712	0.000178406	0.0973606
0.1713	0.000184897	0.0973584
0.1714	0.000191386	0.0973419
0.1715	0.000197875	0.0973111
0.1716	0.00020436	0.097266
0.1717	0.000210841	0.0972067
0.1718	0.000217318	0.0971331
0.1719	0.000223789	0.0970453
0.172	0.000230254	0.0969433
0.1721	0.000236711	0.096827
0.1722	0.00024316	0.0966965
0.1723	0.000249599	0.0965518
0.1724	0.000256028	0.096393
0.1725	0.000262446	0.09622
0.1726	0.000268851	0.096033
0.1727	0.000275243	0.0958318
0.1728	0.000281621	0.0956166
0.1729	0.000287984	0.0953873
0.173	0.000294331	0.0951441
0.1731	0.000300662	0.0948869
0.1732	0.000306974	0.0946158
0.1733	0.000313267	0.0943308
0.1734	0.000319541	0.0940319
0.1735	0.000325794	0.0937193
0.1736	0.000332026	0.0933929
0.1737	0.000338235	0.0930528
0.1738	0.000344421	0.0926991
0.1739	0.000350583	0.0923317
0.174	0.000356719	0.0919508
0.1741	0.00036283	0.0915564
0.1742	0.000368913	0.0911486
0.1743	0.000374968	0.0907273
0.1744	0.000380995	0.0902928
0.1745	0.000386992	0.089845
0.1746	0.000392959	0.089384
0.1747	0.000398894	0.0889099
0.1748	0.000404797	0.0884227
0.1749	0.000410667	0.0879226
0.175	0.000416503	0.0874095
0.1751	0.000422304	0.0868836
0.1752	0.000428069	0.0863449
0.1753	0.000433798	0.0857935
0.1754	0.000439489	0.0852295
0.1755	0.000445142	0.084653
0.1756	0.000450756	0.0840641
0.1757	0.000456331	0.0834628
0.1758	0.000461864	0.0828492
0.1759	0.000467356	0.0822235
0.176	0.000472806	0.0815856
0.1761	0.000478212	0.0809358
0.1762	0.000483575	0.080274
0.1763	0.000488893	0.0796005
0.1764	0.000494165	0.0789152
0.1765	0.000499391	0.0782183
0.1766	0.00050457	0.0775099
0.1767	0.000509701	0.07679
0.1768	0.000514784	0.0760589
0.1769	0.000519817	0.0753166
0.177	0.000524801	0.0745632
0.1771	0.000529733	0.0737987
0.1772	0.000534614	0.0730234
0.1773	0.000539443	0.0722374
0.1774	0.000544219	0.0714407
0.1775	0.000548941	0.0706334
0.1776	0.000553609	0.0698158
0.1777	0.000558222	0.0689878
0.1778	0.000562779	0.0681496
0.1779	0.00056728	0.0673014
0.178	0.000571724	0.0664433
0.1781	0.00057611	0.0655753
0.1782	0.000580438	0.0646976
0.1783	0.000584706	0.0638104
0.1784	0.000588915	0.0629137
0.1785	0.000593064	0.0620077
0.1786	0.000597152	0.0610926
0.1787	0.000601179	0.0601684
0.1788	0.000605143	0.0592353
0.1789	0.000609045	0.0582934
0.179	0.000612884	0.0573429
0.1791	0.000616658	0.0563838
0.1792	0.000620369	0.0554165
0.1793	0.000624014	0.0544408
0.1794	0.000627594	0.0534571
0.1795	0.000631108	0.0524655
0.1796	0.000634556	0.051466
0.1797	0.000637937	0.0504589
0.1798	0.00064125	0.0494443
0.1799	0.000644495	0.0484223
0.18	0.000647671	0.0473931
0.1801	0.000650779	0.0463568
0.1802	0.000653817	0.0453136
0.1803	0.000656785	0.0442636
0.1804	0.000659683	0.043207
0.1805	0.00066251	0.042144
0.1806	0.000665266	0.0410746
0.1807	0.00066795	0.0399991
0.1808	0.000670563	0.0389176
0.1809	0.000673103	0.0378302
0.181	0.00067557	0.0367371
0.1811	0.000677964	0.0356385
0.1812	0.000680284	0.0345345
0.1813	0.000682531	0.0334253
0.1814	0.000684704	0.0323111
0.1815	0.000686801	0.0311919
0.1816	0.000688824	0.0300681
0.1817	0.000690772	0.0289396
0.1818	0.000692645	0.0278067
0.1819	0.000694442	0.0266696
0.182	0.000696162	0.0255284
0.1821	0.000697807	0.0243833
0.1822	0.000699375	0.0232345
0.1823	0.000700866	0.022082
0.1824	0.00070228	0.0209261
0.1825	0.000703617	0.019767
0.1826	0.000704876	0.0186048
0.1827	0.000706058	0.0174396
0.1828	0.000707162	0.0162718
0.1829	0.000708188	0.0151013
0.183	0.000709136	0.0139284
0.1831	0.000710006	0.0127533
0.1832	0.000710797	0.0115761
0.1833	0.000711509	0.0103969
0.1834	0.000712143	0.00921608
0.1835	0.000712698	0.00803365
0.1836	0.000713174	0.00684983
0.1837	0.000713571	0.00566479
0.1838	0.00071389	0.00447869
0.1839	0.000714129	0.0032917
0.184	0.000714288	0.00210401
0.1841	0.000714369	0.000915768
0.1842	0.00071437	-0.000272842
0.1843	0.000714292	-0.00146165
0.1844	0.000714135	-0.00265049
0.1845	0.000713899	-0.00383918
0.1846	0.000713583	-0.00502756
0.1847	0.000713189	-0.00621545
0.1848	0.000712715	-0.00740269
0.1849	0.000712161	-0.0085891
0.185	0.000711529	-0.0097745
0.1851	0.000710818	-0.0109587
0.1852	0.000710028	-0.0121416
0.1853	0.000709159	-0.013323
0.1854	0.000708212	-0.0145027
0.1855	0.000707186	-0.0156806
0.1856	0.000706082	-0.0168564
0.1857	0.000704899	-0.01803
0.1858	0.000703638	-0.0192013
0.1859	0.000702299	-0.0203701
0.186	0.000700883	-0.0215361
0.1861	0.000699389	-0.0226993
0.1862	0.000697817	-0.0238595
0.1863	0.000696168	-0.0250164
0.1864	0.000694443	-0.02617
0.1865	0.00069264	-0.0273201
0.1866	0.000690761	-0.0284664
0.1867	0.000688806	-0.0296089
0.1868	0.000686775	-0.0307474
0.1869	0.000684668	-0.0318816
0.187	0.000682486	-0.0330116
0.1871	0.000680229	-0.0341369
0.1872	0.000677896	-0.0352577
0.1873	0.00067549	-0.0363735
0.1874	0.000673009	-0.0374844
0.1875	0.000670455	-0.0385901
0.1876	0.000667827	-0.0396905
0.1877	0.000665126	-0.0407854
0.1878	0.000662352	-0.0418746
0.1879	0.000659506	-0.0429581
0.188	0.000656588	-0.0440356
0.1881	0.000653598	-0.045107
0.1882	0.000650538	-0.0461721
0.1883	0.000647406	-0.0472308
0.1884	0.000644205	-0.048283
0.1885	0.000640933	-0.0493284
0.1886	0.000637592	-0.0503669
0.1887	0.000634183	-0.0513985
0.1888	0.000630705	-0.0524228
0.1889	0.000627159	-0.0534399
0.189	0.000623545	-0.0544494
0.1891	0.000619865	-0.0554514
0.1892	0.000616118	-0.0564456
0.1893	0.000612306	-0.057432
0.1894	0.000608428	-0.0584102
0.1895	0.000604485	-0.0593803
0.1896	0.000600478	-0.0603421
0.1897	0.000596407	-0.0612954
0.1898	0.000592273	-0.0622402
0.1899	0.000588077	-0.0631762
0.19	0.000583819	-0.0641033
0.1901	0.000579499	-0.0650214
0.1902	0.000575118	-0.0659304
0.1903	0.000570678	-0.0668301
0.1904	0.000566178	-0.0677204
0.1905	0.000561619	-0.0686012
0.1906	0.000557001	-0.0694724
0.1907	0.000552327	-0.0703338
0.1908	0.000547595	-0.0711853
0.1909	0.000542807	-0.0720267
0.191	0.000537963	-0.072858
0.1911	0.000533065	-0.0736791
0.1912	0.000528112	-0.0744898
0.1913	0.000523106	-0.0752899
0.1914	0.000518047	-0.0760795
0.1915	0.000512936	-0.0768583
0.1916	0.000507773	-0.0776263
0.1917	0.00050256	-0.0783833
0.1918	0.000497297	-0.0791293
0.1919	0.000491985	-0.0798641
0.192	0.000486624	-0.0805877
0.1921	0.000481215	-0.0812998
0.1922	0.00047576	-0.0820005
0.1923	0.000470259	-0.0826896
0.1924	0.000464712	-0.083367
0.1925	0.000459121	-0.0840326
0.1926	0.000453486	-0.0846864
0.1927	0.000447808	-0.0853282
0.1928	0.000442087	-0.0859579
0.1929	0.000436326	-0.0865755
0.193	0.000430524	-0.0871808
0.1931	0.000424682	-0.0877738
0.1932	0.000418801	-0.0883544
0.1933	0.000412882	-0.0889225
0.1934	0.000406926	-0.089478
0.1935	0.000400933	-0.0900209
0.1936	0.000394905	-0.090551
0.1937	0.000388842	-0.0910683
0.1938	0.000382746	-0.0915727
0.1939	0.000376616	-0.0920641
0.194	0.000370454	-0.0925425
0.1941	0.000364261	-0.0930079
0.1942	0.000358038	-0.09346
0.1943	0.000351785	-0.0938989
0.1944	0.000345504	-0.0943245
0.1945	0.000339195	-0.0947368
0.1946	0.000332859	-0.0951356
0.1947	0.000326497	-0.0955209
0.1948	0.00032011	-0.0958927
0.1949	0.000313699	-0.096251
0.195	0.000307265	-0.0965956
0.1951	0.000300809	-0.0969265
0.1952	0.000294331	-0.0972436
0.1953	0.000287833	-0.097547
0.1954	0.000281315	-0.0978366
0.1955	0.000274778	-0.0981123
0.1956	0.000268224	-0.0983741
0.1957	0.000261654	-0.0986219
0.1958	0.000255067	-0.0988558
0.1959	0.000248465	-0.0990756
0.196	0.00024185	-0.0992814
0.1961	0.000235221	-0.0994732
0.1962	0.000228581	-0.0996508
0.1963	0.000221929	-0.0998143
0.1964	0.000215267	-0.0999636
0.1965	0.000208596	-0.100099
0.1966	0.000201917	-0.10022
0.1967	0.00019523	-0.100327
0.1968	0.000188537	-0.100419
0.1969	0.000181838	-0.100497
0.197	0.000175135	-0.100561
0.1971	0.000168428	-0.100611
0.1972	0.000161719	-0.100647
0.1973	0.000155008	-0.100668
0.1974	0.000148296	-0.100675
0.1975	0.000141585	-0.100668
0.1976	0.000134875	-0.100646
0.1977	0.000128167	-0.10061
0.1978	0.000121462	-0.10056
0.1979	0.000114761	-0.100495
0.198	0.000108065	-0.100417
0.1981	0.000101375	-0.100324
0.1982	9.46922e-05	-0.100217
0.1983	8.80171e-05	-0.100095
0.1984	8.13508e-05	-0.0999599
0.1985	7.46942e-05	-0.0998102
0.1986	6.80483e-05	-0.0996463
0.1987	6.1414e-05	-0.0994683
0.1988	5.47924e-05	-0.0992762
0.1989	4.81842e-05	-0.09907
0.199	4.15905e-05	-0.0988497
0.1991	3.50122e-05	-0.0986155
0.1992	2.84502e-05	-0.0983672
0.1993	2.19054e-05	-0.098105
0.1994	1.53788e-05	-0.0978289
0.1995	8.87135e-06	-0.0975389
0.1996	2.38391e-06	-0.0972351
0.1997	-4.08259e-06	-0.0969175
0.1998	-1.05272e-05	-0.0965862
0.1999	-1.69491e-05	-0.0962411
0.2	-2.33472e-05	-0.0958825
0.2001	-2.97208e-05	-0.0955102
0.2002	-3.60689e-05	-0.0951244
0.2003	-4.23906e-05	-0.0947251
0.2004	-4.8685e-05	-0.0943124
0.2005	-5.49512e-05	-0.0938863
0.2006	-6.11883e-05	-0.0934469
0.2007	-6.73954e-05	-0.0929943
0.2008	-7.35718e-05	-0.0925285
0.2009	-7.97164e-05	-0.0920495
0.201	-8.58284e-05	-0.0915576
0.2011	-9.1907e-05	-0.0910526
0.2012	-9.79513e-05	-0.0905348
0.2013	-0.00010396	-0.0900042
0.2014	-0.000109933	-0.0894607
0.2015	-0.00011587	-0.0889047
0.2016	-0.000121768	-0.088336
0.2017	-0.000127628	-0.0877548
0.2018	-0.000133449	-0.0871612
0.2019	-0.000139229	-0.0865553
0.202	-0.000144969	-0.0859371
0.2021	-0.000150666	-0.0853068
0.2022	-0.000156321	-0.0846643
0.2023	-0.000161933	-0.0840099
0.2024	-0.0001675	-0.0833437
0.2025	-0.000173022	-0.0826656
0.2026	-0.000178499	-0.0819758
0.2027	-0.000183929	-0.0812744
0.2028	-0.000189311	-0.0805616
0.2029	-0.000194646	-0.0798373
0.203	-0.000199931	-0.0791018
0.2031	-0.000205167	-0.0783551
0.2032	-0.000210353	-0.0775973
0.2033	-0.000215488	-0.0768285
0.2034	-0.000220571	-0.0760489
0.2035	-0.000225601	-0.0752586
0.2036	-0.000230578	-0.0744576
0.2037	-0.000235501	-0.0736461
0.2038	-0.00024037	-0.0728242
0.2039	-0.000245183	-0.0719921
0.204	-0.00024994	-0.0711498
0.2041	-0.000254641	-0.0702974
0.2042	-0.000259284	-0.0694351
0.2043	-0.000263869	-0.0685631
0.2044	-0.000268396	-0.0676814
0.2045	-0.000272864	-0.0667901
0.2046	-0.000277271	-0.0658894
0.2047	-0.000281618	-0.0649795
0.2048	-0.000285904	-0.0640604
0.2049	-0.000290128	-0.0631323
0.205	-0.00029429	-0.0621953
0.2051	-0.000298389	-0.0612495
0.2052	-0.000302424	-0.0602951
0.2053	-0.000306396	-0.0593323
0.2054	-0.000310303	-0.0583611
0.2055	-0.000314144	-0.0573818
0.2056	-0.00031792	-0.0563943
0.2057	-0.00032163	-0.055399
0.2058	-0.000325273	-0.0543959
0.2059	-0.000328848	-0.0533851
0.206	-0.000332356	-0.0523669
0.2061	-0.000335796	-0.0513414
0.2062	-0.000339167	-0.0503086
0.2063	-0.000342469	-0.0492688
0.2064	-0.000345701	-0.0482222
0.2065	-0.000348863	-0.0471688
0.2066	-0.000351954	-0.0461088
0.2067	-0.000354975	-0.0450423
0.2068	-0.000357924	-0.0439696
0.2069	-0.000360801	-0.0428908
0.207	-0.000363606	-0.041806
0.2071	-0.000366338	-0.0407154
0.2072	-0.000368998	-0.0396191
0.2073	-0.000371584	-0.0385173
0.2074	-0.000374096	-0.0374102
0.2075	-0.000376534	-0.0362979
0.2076	-0.000378898	-0.0351805
0.2077	-0.000381187	-0.0340583
0.2078	-0.000383401	-0.0329315
0.2079	-0.00038554	-0.0318
0.208	-0.000387603	-0.0306642
0.2081	-0.00038959	-0.0295242
0.2082	-0.0003915	-0.0283801
0.2083	-0.000393335	-0.0272322
0.2084	-0.000395093	-0.0260805
0.2085	-0.000396773	-0.0249253
0.2086	-0.000398377	-0.0237667
0.2087	-0.000399903	-0.0226048
0.2088	-0.000401351	-0.02144
0.2089	-0.000402722	-0.0202722
0.209	-0.000404015	-0.0191017
0.2091	-0.000405229	-0.0179287
0.2092	-0.000406366	-0.0167533
0.2093	-0.000407424	-0.0155756
0.2094	-0.000408403	-0.014396
0.2095	-0.000409303	-0.0132144
0.2096	-0.000410125	-0.0120312
0.2097	-0.000410867	-0.0108464
0.2098	-0.000411531	-0.00966028
0.2099	-0.000412115	-0.00847296
0.21	-0.00041262	-0.00728462
0.2101	-0.000413046	-0.00609543
0.2102	-0.000413393	-0.00490556
0.2103	-0.00041366	-0.00371518
0.2104	-0.000413848	-0.00252448
0.2105	-0.000413957	-0.0013336
0.2106	-0.000413986	-0.00014274
0.2107	-0.000413936	0.00104794
0.2108	-0.000413806	0.00223828
0.2109	-0.000413597	0.00342809
0.211	-0.000413309	0.00461721
0.2111	-0.000412941	0.00580547
0.2112	-0.000412495	0.00699269
0.2113	-0.000411969	0.0081787
0.2114	-0.000411364	0.00936334
0.2115	-0.00041068	0.0105464
0.2116	-0.000409918	0.0117278
0.2117	-0.000409077	0.0129073
0.2118	-0.000408157	0.0140847
0.2119	-0.000407159	0.0152599
0.212	-0.000406083	0.0164327
0.2121	-0.000404929	0.017603
0.2122	-0.000403697	0.0187705
0.2123	-0.000402387	0.0199351
0.2124	-0.000400999	0.0210966
0.2125	-0.000399535	0.022255
0.2126	-0.000397993	0.0234099
0.2127	-0.000396375	0.0245612
0.2128	-0.00039468	0.0257088
0.2129	-0.000392908	0.0268525
0.213	-0.000391061	0.0279922
0.2131	-0.000389138	0.0291276
0.2132	-0.000387139	0.0302586
0.2133	-0.000385065	0.0313851
0.2134	-0.000382916	0.0325068
0.2135	-0.000380693	0.0336237
0.2136	-0.000378396	0.0347355
0.2137	-0.000376024	0.0358422
0.2138	-0.00037358	0.0369435
0.2139	-0.000371062	0.0380392
0.214	-0.000368471	0.0391293
0.2141	-0.000365808	0.0402136
0.2142	-0.000363073	0.0412919
0.2143	-0.000360266	0.042364
0.2144	-0.000357388	0.0434299
0.2145	-0.00035444	0.0444893
0.2146	-0.000351421	0.0455421
0.2147	-0.000348332	0.0465881
0.2148	-0.000345174	0.0476273
0.2149	-0.000341947	0.0486594
0.215	-0.000338651	0.0496842
0.2151	-0.000335288	0.0507018
0.2152	-0.000331857	0.0517118
0.2153	-0.000328359	0.0527142
0.2154	-0.000324795	0.0537089
0.2155	-0.000321165	0.0546955
0.2156	-0.000317469	0.0556742
0.2157	-0.000313709	0.0566446
0.2158	-0.000309884	0.0576067
0.2159	-0.000305996	0.0585602
0.216	-0.000302044	0.0595052
0.2161	-0.00029803	0.0604414
0.2162	-0.000293954	0.0613687
0.2163	-0.000289817	0.0622869
0.2164	-0.000285619	0.063196
0.2165	-0.00028136	0.0640958
0.2166	-0.000277042	0.0649862
0.2167	-0.000272666	0.0658671
0.2168	-0.000268231	0.0667382
0.2169	-0.000263738	0.0675996
0.217	-0.000259189	0.068451
0.2171	-0.000254583	0.0692924
0.2172	-0.000249922	0.0701236
0.2173	-0.000245205	0.0709446
0.2174	-0.000240435	0.0717551
0.2175	-0.000235611	0.0725551
0.2176	-0.000230734	0.0733445
0.2177	-0.000225806	0.0741231
0.2178	-0.000220825	0.0748908
0.2179	-0.000215795	0.0756476
0.218	-0.000210714	0.0763933
0.2181	-0.000205584	0.0771278
0.2182	-0.000200406	0.077851
0.2183	-0.00019518	0.0785628
0.2184	-0.000189907	0.0792631
0.2185	-0.000184588	0.0799518
0.2186	-0.000179224	0.0806288
0.2187	-0.000173815	0.081294
0.2188	-0.000168363	0.0819473
0.2189	-0.000162867	0.0825886
0.219	-0.00015733	0.0832178
0.2191	-0.000151751	0.0838348
0.2192	-0.000146132	0.0844396
0.2193	-0.000140472	0.0850321
0.2194	-0.000134774	0.0856121
0.2195	-0.000129038	0.0861796
0.2196	-0.000123265	0.0867345
0.2197	-0.000117455	0.0872767
0.2198	-0.00011161	0.0878062
0.2199	-0.000105731	0.0883228
0.22	-9.98169e-05	0.0888266
0.2201	-9.38704e-05	0.0893173
0.2202	-8.78919e-05	0.089795
0.2203	-8.18821e-05	0.0902596
0.2204	-7.5842e-05	0.090711
0.2205	-6.97725e-05	0.0911492
0.2206	-6.36745e-05	0.091574
0.2207	-5.75488e-05	0.0919855
0.2208	-5.13963e-05	0.0923835
0.2209	-4.5218e-05	0.092768
0.221	-3.90148e-05	0.093139
0.2211	-3.27875e-05	0.0934964
0.2212	-2.6537e-05	0.0938402
0.2213	-2.02643e-05	0.0941702
0.2214	-1.39703e-05	0.0944865
0.2215	-7.65592e-06	0.0947891
0.2216	-1.32205e-06	0.0950777
0.2217	5.03037e-06	0.0953525
0.2218	1.14004e-05	0.0956134
0.2219	1.77871e-05	0.0958604
0.222	2.41896e-05	0.0960933
0.2221	3.06069e-05	0.0963122
0.2222	3.70382e-05	0.0965171
0.2223	4.34823e-05	0.0967079
0.2224	4.99385e-05	0.0968846
0.2225	5.64057e-05	0.0970471
0.2226	6.28831e-05	0.0971955
0.2227	6.93696e-05	0.0973297
0.2228	7.58644e-05	0.0974497
0.2229	8.23665e-05	0.0975555
0.223	8.88749e-05	0.097647
0.2231	9.53887e-05	0.0977243
0.2232	0.000101907	0.0977874
0.2233	0.000108429	0.0978362
0.2234	0.000114953	0.0978707
0.2235	0.000121479	0.0978909
0.2236	0.000128005	0.0978969
0.2237	0.000134531	0.0978886
0.2238	0.000141056	0.097866
0.2239	0.000147579	0.0978291
0.224	0.000154098	0.097778
0.2241	0.000160614	0.0977126
0.2242	0.000167124	0.0976329
0.2243	0.000173628	0.097539
0.2244	0.000180125	0.0974309
0.2245	0.000186615	0.0973086
0.2246	0.000193095	0.097172
0.2247	0.000199566	0.0970213
0.2248	0.000206026	0.0968565
0.2249	0.000212474	0.0966775
0.225	0.00021891	0.0964844
0.2251	0.000225332	0.0962772
0.2252	0.000231739	0.096056
0.2253	0.000238131	0.0958208
0.2254	0.000244507	0.0955716
0.2255	0.000250865	0.0953084
0.2256	0.000257205	0.0950314
0.2257	0.000263526	0.0947405
0.2258	0.000269827	0.0944357
0.2259	0.000276107	0.0941172
0.226	0.000282365	0.093785
0.2261	0.0002886	0.093439
0.2262	0.000294811	0.0930795
0.2263	0.000300998	0.0927063
0.2264	0.000307159	0.0923196
0.2265	0.000313294	0.0919195
0.2266	0.000319401	0.0915059
0.2267	0.00032548	0.091079
0.2268	0.00033153	0.0906388
0.2269	0.00033755	0.0901853
0.227	0.000343539	0.0897187
0.2271	0.000349496	0.089239
0.2272	0.000355421	0.0887462
0.2273	0.000361312	0.0882405
0.2274	0.000367169	0.0877219
0.2275	0.00037299	0.0871905
0.2276	0.000378776	0.0866464
0.2277	0.000384524	0.0860896
0.2278	0.000390235	0.0855203
0.2279	0.000395907	0.0849384
0.228	0.00040154	0.0843441
0.2281	0.000407133	0.0837376
0.2282	0.000412684	0.0831187
0.2283	0.000418194	0.0824878
0.2284	0.000423661	0.0818448
0.2285	0.000429084	0.0811898
0.2286	0.000434464	0.0805229
0.2287	0.000439798	0.0798443
0.2288	0.000445086	0.079154
0.2289	0.000450328	0.0784521
0.229	0.000455522	0.0777388
0.2291	0.000460669	0.077014
0.2292	0.000465766	0.0762781
0.2293	0.000470814	0.0755309
0.2294	0.000475811	0.0747727
0.2295	0.000480757	0.0740036
0.2296	0.000485652	0.0732236
0.2297	0.000490494	0.0724329
0.2298	0.000495283	0.0716316
0.2299	0.000500017	0.0708198
0.23	0.000504697	0.0699977
0.2301	0.000509322	0.0691652
0.2302	0.000513891	0.0683227
0.2303	0.000518403	0.0674701
0.2304	0.000522858	0.0666077
0.2305	0.000527255	0.0657355
0.2306	0.000531593	0.0648536
0.2307	0.000535872	0.0639622
0.2308	0.000540091	0.0630615
0.2309	0.000544249	0.0621514
0.231	0.000548347	0.0612323
0.2311	0.000552382	0.0603042
0.2312	0.000556356	0.0593672
0.2313	0.000560266	0.0584215
0.2314	0.000564113	0.0574672
0.2315	0.000567896	0.0565044
0.2316	0.000571614	0.0555334
0.2317	0.000575267	0.0545541
0.2318	0.000578855	0.0535669
0.2319	0.000582376	0.0525717
0.232	0.00058583	0.0515689
0.2321	0.000589217	0.0505584
0.2322	0.000592537	0.0495404
0.2323	0.000595788	0.0485152
0.2324	0.000598971	0.0474828
0.2325	0.000602084	0.0464434
0.2326	0.000605128	0.0453971
0.2327	0.000608102	0.0443441
0.2328	0.000611005	0.0432846
0.2329	0.000613837	0.0422186
0.233	0.000616598	0.0411464
0.2331	0.000619287	0.0400682
0.2332	0.000621903	0.0389839
0.2333	0.000624448	0.0378939
0.2334	0.000626919	0.0367983
0.2335	0.000629317	0.0356971
0.2336	0.000631641	0.0345907
0.2337	0.000633892	0.0334791
0.2338	0.000636067	0.0323626
0.2339	0.000638169	0.0312412
0.234	0.000640195	0.0301151
0.2341	0.000642146	0.0289845
0.2342	0.000644021	0.0278496
0.2343	0.000645821	0.0267105
0.2344	0.000647544	0.0255674
0.2345	0.000649191	0.0244204
0.2346	0.000650761	0.0232697
0.2347	0.000652255	0.0221155
0.2348	0.000653671	0.020958
0.2349	0.00065501	0.0197973
0.235	0.000656271	0.0186335
0.2351	0.000657455	0.0174669
0.2352	0.000658561	0.0162977
0.2353	0.000659588	0.0151259
0.2354	0.000660538	0.0139517
0.2355	0.000661409	0.0127754
0.2356	0.000662201	0.0115971
0.2357	0.000662915	0.0104169
0.2358	0.00066355	0.00923507
0.2359	0.000664107	0.00805173
0.236	0.000664584	0.00686707
0.2361	0.000664982	0.00568125
0.2362	0.000665302	0.00449444
0.2363	0.000665542	0.00330682
0.2364	0.000665702	0.00211855
0.2365	0.000665784	0.000929815
0.2366	0.000665786	-0.000259226
0.2367	0.000665709	-0.0014484
0.2368	0.000665553	-0.00263753
0.2369	0.000665317	-0.00382645
0.237	0.000665003	-0.00501498
0.2371	0.000664609	-0.00620296
0.2372	0.000664135	-0.00739021
0.2373	0.000663583	-0.00857657
0.2374	0.000662952	-0.00976185
0.2375	0.000662242	-0.0109459
0.2376	0.000661453	-0.0121285
0.2377	0.000660585	-0.0133096
0.2378	0.000659638	-0.0144889
0.2379	0.000658613	-0.0156663
0.238	0.00065751	-0.0168416
0.2381	0.000656328	-0.0180146
0.2382	0.000655068	-0.0191853
0.2383	0.00065373	-0.0203533
0.2384	0.000652315	-0.0215185
0.2385	0.000650822	-0.0226808
0.2386	0.000649252	-0.02384
0.2387	0.000647604	-0.024996
0.2388	0.00064588	-0.0261485
0.2389	0.000644079	-0.0272974
0.239	0.000642202	-0.0284426
0.2391	0.000640248	-0.0295838
0.2392	0.000638219	-0.0307209
0.2393	0.000636114	-0.0318538
0.2394	0.000633934	-0.0329822
0.2395	0.000631678	-0.0341061
0.2396	0.000629348	-0.0352252
0.2397	0.000626944	-0.0363394
0.2398	0.000624466	-0.0374485
0.2399	0.000621914	-0.0385524
0.24	0.000619288	-0.0396509
0.2401	0.00061659	-0.0407439
0.2402	0.000613819	-0.0418312
0.2403	0.000610976	-0.0429126
0.2404	0.000608061	-0.043988
0.2405	0.000605075	-0.0450572
0.2406	0.000602018	-0.0461201
0.2407	0.00059889	-0.0471765
0.2408	0.000595692	-0.0482263
0.2409	0.000592425	-0.0492693
0.241	0.000589088	-0.0503054
0.2411	0.000585682	-0.0513344
0.2412	0.000582209	-0.0523562
0.2413	0.000578667	-0.0533705
0.2414	0.000575059	-0.0543774
0.2415	0.000571383	-0.0553766
0.2416	0.000567642	-0.056368
0.2417	0.000563835	-0.0573514
0.2418	0.000559962	-0.0583268
0.2419	0.000556025	-0.0592939
0.242	0.000552024	-0.0602526
0.2421	0.000547959	-0.0612028
0.2422	0.000543832	-0.0621443
0.2423	0.000539642	-0.0630771
0.2424	0.00053539	-0.0640009
0.2425	0.000531078	-0.0649157
0.2426	0.000526704	-0.0658213
0.2427	0.000522271	-0.0667176
0.2428	0.000517779	-0.0676045
0.2429	0.000513228	-0.0684817
0.243	0.000508619	-0.0693493
0.2431	0.000503952	-0.070207
0.2432	0.000499229	-0.0710548
0.2433	0.00049445	-0.0718925
0.2434	0.000489615	-0.0727201
0.2435	0.000484726	-0.0735373
0.2436	0.000479783	-0.0743441
0.2437	0.000474787	-0.0751403
0.2438	0.000469738	-0.0759259
0.2439	0.000464637	-0.0767007
0.244	0.000459485	-0.0774646
0.2441	0.000454283	-0.0782176
0.2442	0.000449031	-0.0789594
0.2443	0.000443731	-0.07969
0.2444	0.000438382	-0.0804093
0.2445	0.000432986	-0.0811172
0.2446	0.000427543	-0.0818135
0.2447	0.000422054	-0.0824983
0.2448	0.00041652	-0.0831713
0.2449	0.000410942	-0.0838325
0.245	0.000405321	-0.0844817
0.2451	0.000399657	-0.085119
0.2452	0.00039395	-0.0857442
0.2453	0.000388203	-0.0863572
0.2454	0.000382416	-0.0869579
0.2455	0.000376589	-0.0875462
0.2456	0.000370724	-0.0881221
0.2457	0.00036482	-0.0886855
0.2458	0.00035888	-0.0892362
0.2459	0.000352904	-0.0897743
0.246	0.000346893	-0.0902996
0.2461	0.000340847	-0.090812
0.2462	0.000334768	-0.0913116
0.2463	0.000328656	-0.0917981
0.2464	0.000322512	-0.0922716
0.2465	0.000316337	-0.0927319
0.2466	0.000310133	-0.0931791
0.2467	0.000303899	-0.0936129
0.2468	0.000297637	-0.0940335
0.2469	0.000291347	-0.0944407
0.247	0.000285031	-0.0948344
0.2471	0.00027869	-0.0952146
0.2472	0.000272324	-0.0955813
0.2473	0.000265934	-0.0959344
0.2474	0.000259521	-0.0962738
0.2475	0.000253086	-0.0965995
0.2476	0.000246631	-0.0969115
0.2477	0.000240155	-0.0972096
0.2478	0.00023366	-0.0974939
0.2479	0.000227146	-0.0977644
0.248	0.000220616	-0.0980209
0.2481	0.000214069	-0.0982634
0.2482	0.000207506	-0.098492
0.2483	0.000200929	-0.0987065
0.2484	0.000194339	-0.0989069
0.2485	0.000187735	-0.0990933
0.2486	0.00018112	-0.0992656
0.2487	0.000174495	-0.0994237
0.2488	0.000167859	-0.0995677
0.2489	0.000161215	-0.0996974
0.249	0.000154562	-0.099813
0.2491	0.000147903	-0.0999144
0.2492	0.000141237	-0.100001
0.2493	0.000134567	-0.100074
0.2494	0.000127892	-0.100133
0.2495	0.000121214	-0.100177
0.2496	0.000114534	-0.100207
0.2497	0.000107853	-0.100223
0.2498	0.000101171	-0.100225
0.2499	9.449e-05	-0.100212
0.25	8.78105e-05	-0.100185
0.2501	8.11334e-05	-0.100144
0.2502	7.44599e-05	-0.100088
0.2503	6.77907e-05	-0.100018
0.2504	6.1127e-05	-0.0999342
0.2505	5.44695e-05	-0.0998359
0.2506	4.78193e-05	-0.0997234
0.2507	4.11774e-05	-0.0995966
0.2508	3.45446e-05	-0.0994557
0.2509	2.79219e-05	-0.0993006
0.251	2.13102e-05	-0.0991313
0.2511	1.47106e-05	-0.0989479
0.2512	8.12385e-06	-0.0987505
0.2513	1.551e-06	-0.0985389
