0	1	499
0.1	1.04071	498.959
0.2	1.08307	498.917
0.3	1.12716	498.873
0.4	1.17303	498.827
0.5	1.22076	498.779
0.6	1.27043	498.73
0.7	1.32211	498.678
0.8	1.37589	498.624
0.9	1.43185	498.568
1	1.49007	498.51
1.1	1.55066	498.449
1.2	1.61369	498.386
1.3	1.67928	498.321
1.4	1.74752	498.252
1.5	1.81853	498.181
1.6	1.8924	498.108
1.7	1.96926	498.031
1.8	2.04923	497.951
1.9	2.13242	497.868
2	2.21898	497.781
2.1	2.30903	497.691
2.2	2.40271	497.597
2.3	2.50016	497.5
2.4	2.60155	497.398
2.5	2.70701	497.293
2.6	2.81673	497.183
2.7	2.93085	497.069
2.8	3.04957	496.95
2.9	3.17305	496.827
3	3.30149	496.699
3.1	3.43509	496.565
3.2	3.57405	496.426
3.3	3.71857	496.281
3.4	3.86888	496.131
3.5	4.02521	495.975
3.6	4.18778	495.812
3.7	4.35685	495.643
3.8	4.53266	495.467
3.9	4.71549	495.285
4	4.9056	495.094
4.1	5.10327	494.897
4.2	5.3088	494.691
4.3	5.5225	494.478
4.4	5.74467	494.255
4.5	5.97564	494.024
4.6	6.21575	493.784
4.7	6.46536	493.535
4.8	6.72481	493.275
4.9	6.9945	493.006
5	7.27479	492.725
5.1	7.56611	492.434
5.2	7.86885	492.131
5.3	8.18346	491.817
5.4	8.51037	491.49
5.5	8.85005	491.15
5.6	9.20296	490.797
5.7	9.56961	490.43
5.8	9.95049	490.05
5.9	10.3461	489.654
6	10.7571	489.243
6.1	11.1838	488.816
6.2	11.6271	488.373
6.3	12.0873	487.913
6.4	12.5652	487.435
6.5	13.0613	486.939
6.6	13.5763	486.424
6.7	14.1109	485.889
6.8	14.6657	485.334
6.9	15.2415	484.758
7	15.839	484.161
7.1	16.4589	483.541
7.2	17.1019	482.898
7.3	17.769	482.231
7.4	18.4608	481.539
7.5	19.1781	480.822
7.6	19.9219	480.078
7.7	20.693	479.307
7.8	21.4922	478.508
7.9	22.3205	477.679
8	23.1788	476.821
8.1	24.0679	475.932
8.2	24.9889	475.011
8.3	25.9427	474.057
8.4	26.9303	473.07
8.5	27.9527	472.047
8.6	29.0109	470.989
8.7	30.1059	469.894
8.8	31.2387	468.761
8.9	32.4104	467.59
9	33.6221	466.378
9.1	34.8748	465.125
9.2	36.1695	463.83
9.3	37.5074	462.493
9.4	38.8895	461.111
9.5	40.3168	459.683
9.6	41.7905	458.21
9.7	43.3115	456.688
9.8	44.881	455.119
9.9	46.4999	453.5
10	48.1693	451.831
10.1	49.8902	450.11
10.2	51.6635	448.336
10.3	53.4902	446.51
10.4	55.3713	444.629
10.5	57.3075	442.692
10.6	59.2999	440.7
10.7	61.349	438.651
10.8	63.4558	436.544
10.9	65.621	434.379
11	67.8451	432.155
11.1	70.1288	429.871
11.2	72.4726	427.527
11.3	74.8769	425.123
11.4	77.3422	422.658
11.5	79.8687	420.131
11.6	82.4566	417.543
11.7	85.1061	414.894
11.8	87.8172	412.183
11.9	90.5898	409.41
12	93.4237	406.576
12.1	96.3187	403.681
12.2	99.2744	400.726
12.3	102.29	397.71
12.4	105.366	394.634
12.5	108.5	391.5
12.6	111.692	388.308
12.7	114.94	385.06
12.8	118.245	381.755
12.9	121.604	378.396
13	125.016	374.984
13.1	128.48	371.52
13.2	131.994	368.006
13.3	135.555	364.445
13.4	139.163	360.837
13.5	142.815	357.185
13.6	146.51	353.49
13.7	150.243	349.757
13.8	154.015	345.985
13.9	157.821	342.179
14	161.659	338.341
14.1	165.527	334.473
14.2	169.421	330.579
14.3	173.34	326.66
14.4	177.279	322.721
14.5	181.237	318.763
14.6	185.209	314.791
14.7	189.193	310.807
14.8	193.185	306.815
14.9	197.184	302.816
15	201.184	298.816
15.1	205.183	294.817
15.2	209.178	290.822
15.3	213.166	286.834
15.4	217.144	282.856
15.5	221.108	278.892
15.6	225.055	274.945
15.7	228.982	271.018
15.8	232.887	267.113
15.9	236.766	263.234
16	240.617	259.383
16.1	244.436	255.564
16.2	248.222	251.778
16.3	251.971	248.029
16.4	255.682	244.318
16.5	259.351	240.649
16.6	262.978	237.022
16.7	266.558	233.442
16.8	270.092	229.908
16.9	273.576	226.424
17	277.01	222.99
17.1	280.39	219.61
17.2	283.717	216.283
17.3	286.989	213.011
17.4	290.205	209.795
17.5	293.362	206.638
17.6	296.462	203.538
17.7	299.502	200.498
17.8	302.482	197.518
17.9	305.402	194.598
18	308.261	191.739
18.1	311.059	188.941
18.2	313.795	186.205
18.3	316.469	183.531
18.4	319.083	180.917
18.5	321.634	178.366
18.6	324.124	175.876
18.7	326.553	173.447
18.8	328.922	171.078
18.9	331.23	168.77
19	333.478	166.522
19.1	335.668	164.332
19.2	337.798	162.202
19.3	339.871	160.129
19.4	341.886	158.114
19.5	343.845	156.155
19.6	345.749	154.251
19.7	347.597	152.403
19.8	349.392	150.608
19.9	351.135	148.865
20	352.825	147.175
20.1	354.464	145.536
20.2	356.054	143.946
20.3	357.594	142.406
20.4	359.087	140.913
20.5	360.533	139.467
20.6	361.934	138.066
20.7	363.29	136.71
20.8	364.602	135.398
20.9	365.872	134.128
21	367.1	132.9
21.1	368.288	131.712
21.2	369.436	130.564
21.3	370.547	129.453
21.4	371.62	128.38
21.5	372.657	127.343
21.6	373.658	126.342
21.7	374.626	125.374
21.8	375.56	124.44
21.9	376.462	123.538
22	377.333	122.667
22.1	378.173	121.827
22.2	378.984	121.016
22.3	379.767	120.233
22.4	380.522	119.478
22.5	381.25	118.75
22.6	381.952	118.048
22.7	382.629	117.371
22.8	383.282	116.718
22.9	383.911	116.089
23	384.517	115.483
23.1	385.102	114.898
23.2	385.665	114.335
23.3	386.208	113.792
23.4	386.731	113.269
23.5	387.235	112.765
23.6	387.72	112.28
23.7	388.187	111.813
23.8	388.637	111.363
23.9	389.071	110.929
24	389.488	110.512
24.1	389.89	110.11
24.2	390.277	109.723
24.3	390.649	109.351
24.4	391.008	108.992
24.5	391.353	108.647
24.6	391.685	108.315
24.7	392.004	107.996
24.8	392.312	107.688
24.9	392.608	107.392
25	392.892	107.108
25.1	393.166	106.834
25.2	393.43	106.57
25.3	393.684	106.316
25.4	393.927	106.073
25.5	394.162	105.838
25.6	394.388	105.612
25.7	394.605	105.395
25.8	394.814	105.186
25.9	395.015	104.985
26	395.208	104.792
26.1	395.394	104.606
26.2	395.572	104.428
26.3	395.744	104.256
26.4	395.909	104.091
26.5	396.068	103.932
26.6	396.221	103.779
26.7	396.368	103.632
26.8	396.509	103.491
26.9	396.645	103.355
27	396.775	103.225
27.1	396.901	103.099
27.2	397.021	102.979
27.3	397.137	102.863
27.4	397.249	102.751
27.5	397.356	102.644
27.6	397.459	102.541
27.7	397.558	102.442
27.8	397.653	102.347
27.9	397.745	102.255
28	397.833	102.167
28.1	397.917	102.083
28.2	397.998	102.002
28.3	398.077	101.923
28.4	398.152	101.848
28.5	398.224	101.776
28.6	398.293	101.707
28.7	398.36	101.64
28.8	398.424	101.576
28.9	398.485	101.515
29	398.545	101.455
29.1	398.602	101.398
29.2	398.656	101.344
29.3	398.709	101.291
29.4	398.759	101.241
29.5	398.808	101.192
29.6	398.854	101.146
29.7	398.899	101.101
29.8	398.942	101.058
29.9	398.984	101.016
30	399.023	100.977
30.1	399.062	100.938
30.2	399.098	100.902
30.3	399.134	100.866
30.4	399.167	100.833
30.5	399.2	100.8
30.6	399.231	100.769
30.7	399.261	100.739
30.8	399.29	100.71
30.9	399.318	100.682
31	399.345	100.655
31.1	399.37	100.63
31.2	399.395	100.605
31.3	399.419	100.581
31.4	399.442	100.558
31.5	399.463	100.537
31.6	399.484	100.516
31.7	399.505	100.495
31.8	399.524	100.476
31.9	399.543	100.457
32	399.561	100.439
32.1	399.578	100.422
32.2	399.594	100.406
32.3	399.61	100.39
32.4	399.626	100.374
32.5	399.64	100.36
32.6	399.654	100.346
32.7	399.668	100.332
32.8	399.681	100.319
32.9	399.693	100.307
33	399.705	100.295
33.1	399.717	100.283
33.2	399.728	100.272
33.3	399.739	100.261
33.4	399.749	100.251
33.5	399.759	100.241
33.6	399.768	100.232
33.7	399.777	100.223
33.8	399.786	100.214
33.9	399.794	100.206
34	399.802	100.198
34.1	399.81	100.19
34.2	399.818	100.182
34.3	399.825	100.175
34.4	399.832	100.168
34.5	399.838	100.162
34.6	399.845	100.155
34.7	399.851	100.149
34.8	399.857	100.143
34.9	399.862	100.138
35	399.868	100.132
35.1	399.873	100.127
35.2	399.878	100.122
35.3	399.883	100.117
35.4	399.887	100.113
35.5	399.892	100.108
35.6	399.896	100.104
35.7	399.9	100.1
35.8	399.904	100.096
35.9	399.908	100.092
36	399.911	100.089
36.1	399.915	100.085
36.2	399.918	100.082
36.3	399.921	100.079
36.4	399.924	100.076
36.5	399.927	100.073
36.6	399.93	100.07
36.7	399.933	100.067
36.8	399.936	100.064
36.9	399.938	100.062
37	399.94	100.06
37.1	399.943	100.057
37.2	399.945	100.055
37.3	399.947	100.053
37.4	399.949	100.051
37.5	399.951	100.049
37.6	399.953	100.047
37.7	399.955	100.045
37.8	399.957	100.043
37.9	399.958	100.042
38	399.96	100.04
38.1	399.962	100.038
38.2	399.963	100.037
38.3	399.965	100.035
38.4	399.966	100.034
38.5	399.967	100.033
38.6	399.969	100.031
38.7	399.97	100.03
38.8	399.971	100.029
38.9	399.972	100.028
39	399.973	100.027
39.1	399.974	100.026
39.2	399.975	100.025
39.3	399.976	100.024
39.4	399.977	100.023
39.5	399.978	100.022
39.6	399.979	100.021
39.7	399.98	100.02
39.8	399.981	100.019
39.9	399.981	100.019
40	399.982	100.018
40.1	399.983	100.017
40.2	399.983	100.017
40.3	399.984	100.016
40.4	399.985	100.015
40.5	399.985	100.015
40.6	399.986	100.014
40.7	399.986	100.014
40.8	399.987	100.013
40.9	399.987	100.013
41	399.988	100.012
41.1	399.988	100.012
41.2	399.989	100.011
41.3	399.989	100.011
41.4	399.99	100.01
41.5	399.99	100.01
41.6	399.991	100.009
41.7	399.991	100.009
41.8	399.991	100.009
41.9	399.992	100.008
42	399.992	100.008
42.1	399.992	100.008
42.2	399.993	100.007
42.3	399.993	100.007
42.4	399.993	100.007
42.5	399.993	100.007
42.6	399.994	100.006
42.7	399.994	100.006
42.8	399.994	100.006
42.9	399.994	100.006
43	399.995	100.005
43.1	399.995	100.005
43.2	399.995	100.005
43.3	399.995	100.005
43.4	399.995	100.005
43.5	399.996	100.004
43.6	399.996	100.004
43.7	399.996	100.004
43.8	399.996	100.004
43.9	399.996	100.004
44	399.996	100.004
44.1	399.997	100.003
44.2	399.997	100.003
44.3	399.997	100.003
44.4	399.997	100.003
44.5	399.997	100.003
44.6	399.997	100.003
44.7	399.997	100.003
44.8	399.997	100.003
44.9	399.997	100.003
45	399.998	100.002
45.1	399.998	100.002
45.2	399.998	100.002
45.3	399.998	100.002
45.4	399.998	100.002
45.5	399.998	100.002
45.6	399.998	100.002
45.7	399.998	100.002
45.8	399.998	100.002
45.9	399.998	100.002
46	399.998	100.002
46.1	399.998	100.002
46.2	399.998	100.002
46.3	399.999	100.001
46.4	399.999	100.001
46.5	399.999	100.001
46.6	399.999	100.001
46.7	399.999	100.001
46.8	399.999	100.001
46.9	399.999	100.001
47	399.999	100.001
47.1	399.999	100.001
47.2	399.999	100.001
47.3	399.999	100.001
47.4	399.999	100.001
47.5	399.999	100.001
47.6	399.999	100.001
47.7	399.999	100.001
47.8	399.999	100.001
47.9	399.999	100.001
48	399.999	100.001
48.1	399.999	100.001
48.2	399.999	100.001
48.3	399.999	100.001
48.4	399.999	100.001
48.5	399.999	100.001
48.6	399.999	100.001
48.7	399.999	100.001
48.8	399.999	100.001
48.9	399.999	100.001
49	400	100
49.1	400	100
49.2	400	100
49.3	400	100
49.4	400	100
49.5	400	100
49.6	400	100
49.7	400	100
49.8	400	100
49.9	400	100
50	400	100
50.1	400	100
50.2	400	100
50.3	400	100
50.4	400	100
50.5	400	100
50.6	400	100
50.7	400	100
50.8	400	100
50.9	400	100
51	400	100
51.1	400	100
51.2	400	100
51.3	400	100
51.4	400	100
51.5	400	100
51.6	400	100
51.7	400	100
51.8	400	100
51.9	400	100
52	400	100
52.1	400	100
52.2	400	100
52.3	400	100
52.4	400	100
52.5	400	100
52.6	400	100
52.7	400	100
52.8	400	100
52.9	400	100
53	400	100
53.1	400	100
53.2	400	100
53.3	400	100
53.4	400	100
53.5	400	100
53.6	400	100
53.7	400	100
53.8	400	100
53.9	400	100
54	400	100
54.1	400	100
54.2	400	100
54.3	400	100
54.4	400	100
54.5	400	100
54.6	400	100
54.7	400	100
54.8	400	100
54.9	400	100
55	400	100
55.1	400	100
55.2	400	100
55.3	400	100
55.4	400	100
55.5	400	100
55.6	400	100
55.7	400	100
55.8	400	100
55.9	400	100
56	400	100
56.1	400	100
56.2	400	100
56.3	400	100
56.4	400	100
56.5	400	100
56.6	400	100
56.7	400	100
56.8	400	100
56.9	400	100
57	400	100
57.1	400	100
57.2	400	100
57.3	400	100
57.4	400	100
57.5	400	100
57.6	400	100
57.7	400	100
57.8	400	100
57.9	400	100
58	400	100
58.1	400	100
58.2	400	100
58.3	400	100
58.4	400	100
58.5	400	100
58.6	400	100
58.7	400	100
58.8	400	100
58.9	400	100
59	400	100
59.1	400	100
59.2	400	100
59.3	400	100
59.4	400	100
59.5	400	100
59.6	400	100
59.7	400	100
59.8	400	100
59.9	400	100
60	400	100
60.1	400	100
60.2	400	100
60.3	400	100
60.4	400	100
60.5	400	100
60.6	400	100
60.7	400	100
60.8	400	100
60.9	400	100
61	400	100
61.1	400	100
61.2	400	100
61.3	400	100
61.4	400	100
61.5	400	100
61.6	400	100
61.7	400	100
61.8	400	100
61.9	400	100
62	400	100
62.1	400	100
62.2	400	100
62.3	400	100
62.4	400	100
62.5	400	100
62.6	400	100
62.7	400	100
62.8	400	100
62.9	400	100
63	400	100
63.1	400	100
63.2	400	100
63.3	400	100
63.4	400	100
63.5	400	100
63.6	400	100
63.7	400	100
63.8	400	100
63.9	400	100
64	400	100
64.1	400	100
64.2	400	100
64.3	400	100
64.4	400	100
64.5	400	100
64.6	400	100
64.7	400	100
64.8	400	100
64.9	400	100
65	400	100
65.1	400	100
65.2	400	100
65.3	400	100
65.4	400	100
65.5	400	100
65.6	400	100
65.7	400	100
65.8	400	100
65.9	400	100
66	400	100
66.1	400	100
66.2	400	100
66.3	400	100
66.4	400	100
66.5	400	100
66.6	400	100
66.7	400	100
66.8	400	100
66.9	400	100
67	400	100
67.1	400	100
67.2	400	100
67.3	400	100
67.4	400	100
67.5	400	100
67.6	400	100
67.7	400	100
67.8	400	100
67.9	400	100
68	400	100
68.1	400	100
68.2	400	100
68.3	400	100
68.4	400	100
68.5	400	100
68.6	400	100
68.7	400	100
68.8	400	100
68.9	400	100
69	400	100
69.1	400	100
69.2	400	100
69.3	400	100
69.4	400	100
69.5	400	100
69.6	400	100
69.7	400	100
69.8	400	100
69.9	400	100
70	400	100
70.1	400	100
70.2	400	100
70.3	400	100
70.4	400	100
70.5	400	100
70.6	400	100
70.7	400	100
70.8	400	100
70.9	400	100
71	400	100
71.1	400	100
71.2	400	100
71.3	400	100
71.4	400	100
71.5	400	100
71.6	400	100
71.7	400	100
71.8	400	100
71.9	400	100
72	400	100
72.1	400	100
72.2	400	100
72.3	400	100
72.4	400	100
72.5	400	100
72.6	400	100
72.7	400	100
72.8	400	100
72.9	400	100
73	400	100
73.1	400	100
73.2	400	100
73.3	400	100
73.4	400	100
73.5	400	100
73.6	400	100
73.7	400	100
73.8	400	100
73.9	400	100
74	400	100
74.1	400	100
74.2	400	100
74.3	400	100
74.4	400	100
74.5	400	100
74.6	400	100
74.7	400	100
74.8	400	100
74.9	400	100
75	400	100
75.1	400	100
75.2	400	100
75.3	400	100
75.4	400	100
75.5	400	100
75.6	400	100
75.7	400	100
75.8	400	100
75.9	400	100
76	400	100
76.1	400	100
76.2	400	100
76.3	400	100
76.4	400	100
76.5	400	100
76.6	400	100
76.7	400	100
76.8	400	100
76.9	400	100
77	400	100
77.1	400	100
77.2	400	100
77.3	400	100
77.4	400	100
77.5	400	100
77.6	400	100
77.7	400	100
77.8	400	100
77.9	400	100
78	400	100
78.1	400	100
78.2	400	100
78.3	400	100
78.4	400	100
78.5	400	100
78.6	400	100
78.7	400	100
78.8	400	100
78.9	400	100
79	400	100
79.1	400	100
79.2	400	100
79.3	400	100
79.4	400	100
79.5	400	100
79.6	400	100
79.7	400	100
79.8	400	100
79.9	400	100
80	400	100
80.1	400	100
80.2	400	100
80.3	400	100
80.4	400	100
80.5	400	100
80.6	400	100
80.7	400	100
80.8	400	100
80.9	400	100
81	400	100
81.1	400	100
81.2	400	100
81.3	400	100
81.4	400	100
81.5	400	100
81.6	400	100
81.7	400	100
81.8	400	100
81.9	400	100
82	400	100
82.1	400	100
82.2	400	100
82.3	400	100
82.4	400	100
82.5	400	100
82.6	400	100
82.7	400	100
82.8	400	100
82.9	400	100
83	400	100
83.1	400	100
83.2	400	100
83.3	400	100
83.4	400	100
83.5	400	100
83.6	400	100
83.7	400	100
83.8	400	100
83.9	400	100
84	400	100
84.1	400	100
84.2	400	100
84.3	400	100
84.4	400	100
84.5	400	100
84.6	400	100
84.7	400	100
84.8	400	100
84.9	400	100
85	400	100
85.1	400	100
85.2	400	100
85.3	400	100
85.4	400	100
85.5	400	100
85.6	400	100
85.7	400	100
85.8	400	100
85.9	400	100
86	400	100
86.1	400	100
86.2	400	100
86.3	400	100
86.4	400	100
86.5	400	100
86.6	400	100
86.7	400	100
86.8	400	100
86.9	400	100
87	400	100
87.1	400	100
87.2	400	100
87.3	400	100
87.4	400	100
87.5	400	100
87.6	400	100
87.7	400	100
87.8	400	100
87.9	400	100
88	400	100
88.1	400	100
88.2	400	100
88.3	400	100
88.4	400	100
88.5	400	100
88.6	400	100
88.7	400	100
88.8	400	100
88.9	400	100
89	400	100
89.1	400	100
89.2	400	100
89.3	400	100
89.4	400	100
89.5	400	100
89.6	400	100
89.7	400	100
89.8	400	100
89.9	400	100
90	400	100
90.1	400	100
90.2	400	100
90.3	400	100
90.4	400	100
90.5	400	100
90.6	400	100
90.7	400	100
90.8	400	100
90.9	400	100
91	400	100
91.1	400	100
91.2	400	100
91.3	400	100
91.4	400	100
91.5	400	100
91.6	400	100
91.7	400	100
91.8	400	100
91.9	400	100
92	400	100
92.1	400	100
92.2	400	100
92.3	400	100
92.4	400	100
92.5	400	100
92.6	400	100
92.7	400	100
92.8	400	100
92.9	400	100
93	400	100
93.1	400	100
93.2	400	100
93.3	400	100
93.4	400	100
93.5	400	100
93.6	400	100
93.7	400	100
93.8	400	100
93.9	400	100
94	400	100
94.1	400	100
94.2	400	100
94.3	400	100
94.4	400	100
94.5	400	100
94.6	400	100
94.7	400	100
94.8	400	100
94.9	400	100
95	400	100
95.1	400	100
95.2	400	100
95.3	400	100
95.4	400	100
95.5	400	100
95.6	400	100
95.7	400	100
95.8	400	100
95.9	400	100
96	400	100
96.1	400	100
96.2	400	100
96.3	400	100
96.4	400	100
96.5	400	100
96.6	400	100
96.7	400	100
96.8	400	100
96.9	400	100
97	400	100
97.1	400	100
97.2	400	100
97.3	400	100
97.4	400	100
97.5	400	100
97.6	400	100
97.7	400	100
97.8	400	100
97.9	400	100
98	400	100
98.1	400	100
98.2	400	100
98.3	400	100
98.4	400	100
98.5	400	100
98.6	400	100
98.7	400	100
98.8	400	100
98.9	400	100
99	400	100
99.1	400	100
99.2	400	100
99.3	400	100
99.4	400	100
99.5	400	100
99.6	400	100
99.7	400	100
99.8	400	100
99.9	400	100
100	400	100
