0	1	0.01	0
0.069903	0.0349515	0.00997334	-0.000831853
0.1498	0.0399484	0.00985711	-0.0022062
0.220301	0.0352507	0.00964499	-0.00395519
0.283438	0.0315685	0.00933197	-0.0061203
0.34062	0.0285908	0.00891204	-0.0087424
0.397868	0.0286241	0.00831915	-0.0122012
0.450132	0.0261321	0.00758064	-0.0163104
0.497888	0.0238777	0.00669408	-0.0210851
0.541865	0.0219888	0.0056525	-0.0265656
0.582649	0.0203919	0.00444811	-0.0327947
0.620694	0.0190226	0.00307284	-0.0398152
0.656362	0.017834	0.0015185	-0.0476699
0.689946	0.0167916	-0.000223232	-0.0564016
0.721684	0.0158692	-0.00216076	-0.0660526
0.751778	0.0150468	-0.00430255	-0.0766653
0.780395	0.0143086	-0.0066571	-0.0882821
0.807679	0.0136421	-0.009233	-0.100945
0.833753	0.0130372	-0.0120388	-0.114697
0.858725	0.0124856	-0.0150833	-0.129579
0.882686	0.0119807	-0.0183751	-0.145633
0.905719	0.0115166	-0.021923	-0.162902
0.927897	0.0110887	-0.0257358	-0.181428
0.949283	0.0106931	-0.0298225	-0.201253
0.969935	0.0103262	-0.034192	-0.222418
0.989905	0.00998513	-0.0388536	-0.244967
1.00924	0.00966747	-0.0438166	-0.268941
1.02798	0.00937104	-0.0490902	-0.294383
1.04617	0.00909396	-0.0546843	-0.321335
1.06384	0.00883459	-0.0606087	-0.349841
1.08102	0.00859154	-0.0668734	-0.379943
1.09775	0.00836356	-0.0734891	-0.411686
1.11405	0.00814957	-0.0804665	-0.445112
1.12995	0.00794863	-0.0878168	-0.480267
1.14547	0.00775991	-0.0955519	-0.517195
1.16063	0.00758271	-0.103684	-0.555942
1.17546	0.0074164	-0.112226	-0.596555
1.18998	0.00726046	-0.121193	-0.639082
1.20421	0.00711444	-0.130597	-0.68357
1.21817	0.00697797	-0.140457	-0.73007
1.23187	0.00685076	-0.150787	-0.778634
1.24534	0.00673259	-0.161608	-0.829314
1.25858	0.00662331	-0.172939	-0.882167
1.27163	0.00652285	-0.184802	-0.93725
1.28449	0.00643124	-0.197221	-0.994624
1.29719	0.00634856	-0.210224	-1.05435
1.30974	0.00627502	-0.223841	-1.11651
1.32216	0.00621096	-0.238107	-1.18116
1.33447	0.00615682	-0.253061	-1.2484
1.3467	0.00611326	-0.268747	-1.3183
1.35886	0.00608113	-0.285218	-1.39096
1.37099	0.00606156	-0.302534	-1.4665
1.3831	0.00605605	-0.320767	-1.54504
1.39523	0.00606661	-0.340004	-1.62671
1.40742	0.00609592	-0.360351	-1.7117
1.41972	0.00614765	-0.381937	-1.80019
1.43217	0.00622695	-0.404927	-1.89244
1.44485	0.00634117	-0.429534	-1.98877
1.45786	0.00650132	-0.456046	-2.08957
1.47131	0.0067245	-0.484858	-2.1954
1.48538	0.00703913	-0.516551	-2.30707
1.50038	0.00749632	-0.552032	-2.4258
1.51678	0.00819929	-0.592866	-2.55364
1.53557	0.00939597	-0.642196	-2.69456
1.55355	0.00899023	-0.691799	-2.82017
1.56963	0.00804287	-0.738003	-2.92157
1.58576	0.00806205	-0.78585	-3.00957
1.6006	0.00742294	-0.83105	-3.0758
1.6145	0.00694967	-0.874155	-3.12275
1.62773	0.00661551	-0.915693	-3.15222
1.64048	0.00637479	-0.95599	-3.16527
1.65213	0.00582147	-0.992851	-3.16321
1.66273	0.00529958	-1.02632	-3.14926
1.6726	0.00493874	-1.05732	-3.12571
1.68196	0.00467712	-1.08642	-3.094
1.69092	0.00448254	-1.114	-3.05511
1.6996	0.00433689	-1.14031	-3.00974
1.70806	0.00422931	-1.16556	-2.95841
1.71636	0.00415307	-1.1899	-2.90151
1.72457	0.00410407	-1.21347	-2.83931
1.73273	0.00408009	-1.23637	-2.77201
1.74089	0.00408046	-1.2587	-2.6997
1.7491	0.00410598	-1.28056	-2.62239
1.75742	0.00415918	-1.30203	-2.53998
1.76591	0.00424493	-1.32323	-2.45221
1.77465	0.00437183	-1.34426	-2.35862
1.78376	0.00455524	-1.3653	-2.25841
1.79341	0.00482446	-1.38657	-2.15013
1.8039	0.00524363	-1.40849	-2.03098
1.81589	0.00599324	-1.43202	-1.89431
1.83187	0.00799348	-1.46085	-1.7137
1.84326	0.00569259	-1.47964	-1.58782
1.85367	0.00520706	-1.49559	-1.47561
1.86419	0.00526023	-1.51053	-1.36572
1.87386	0.00483408	-1.52326	-1.26826
1.883	0.00456991	-1.53444	-1.17951
1.8918	0.00439648	-1.54445	-1.09743
1.90035	0.00427598	-1.5535	-1.02083
1.90873	0.00419048	-1.56175	-0.948941
1.91699	0.00413013	-1.56931	-0.881197
1.92517	0.00408894	-1.57625	-0.817189
1.93329	0.00406302	-1.58264	-0.75659
1.94139	0.00404974	-1.58853	-0.69914
1.94949	0.00404727	-1.59397	-0.64462
1.95759	0.00405426	-1.59898	-0.592846
1.96573	0.00406977	-1.60361	-0.543661
1.97392	0.0040931	-1.60786	-0.496924
1.98217	0.00412376	-1.61177	-0.452512
1.99049	0.00416139	-1.61536	-0.410315
1.9989	0.00420578	-1.61864	-0.370231
2.00742	0.00425678	-1.62163	-0.332168
2.01604	0.00431437	-1.62434	-0.296041
2.0248	0.00437857	-1.62678	-0.261769
2.0337	0.00444949	-1.62896	-0.229278
2.04276	0.00452729	-1.63089	-0.198499
2.05198	0.00461219	-1.63259	-0.169364
2.06139	0.00470449	-1.63405	-0.141809
2.071	0.00480454	-1.63528	-0.115775
2.08082	0.00491276	-1.6363	-0.091203
2.09088	0.00502965	-1.6371	-0.0680365
2.10119	0.00515576	-1.63768	-0.0462214
2.11178	0.00529176	-1.63806	-0.025705
2.12265	0.00543841	-1.63823	-0.0064359
2.13385	0.00559656	-1.6382	0.0116359
2.14538	0.0057672	-1.63797	0.0285592
2.15728	0.00595147	-1.63753	0.0443821
2.16959	0.00615065	-1.63689	0.0591516
2.18232	0.00636625	-1.63605	0.0729142
2.19552	0.00659997	-1.635	0.0857156
2.20923	0.00685382	-1.63374	0.0976012
2.22349	0.0071301	-1.63227	0.108616
2.23835	0.00743151	-1.63058	0.118804
2.25387	0.00776123	-1.62866	0.12821
2.27012	0.00812302	-1.6265	0.136879
2.28716	0.00852136	-1.6241	0.144854
2.30508	0.0089616	-1.62143	0.152182
2.32398	0.00945026	-1.61849	0.158906
2.34398	0.00999532	-1.61525	0.165073
2.36519	0.0106066	-1.61169	0.17073
2.38778	0.0112967	-1.60777	0.175925
2.41194	0.0120813	-1.60346	0.180709
2.43791	0.0129813	-1.59871	0.185134
2.46596	0.0140243	-1.59345	0.18926
2.49645	0.0152487	-1.58762	0.193148
2.52987	0.0167095	-1.5811	0.19687
2.56685	0.01849	-1.57375	0.200512
2.6083	0.020726	-1.56536	0.204183
2.65563	0.0236633	-1.55561	0.20803
2.71128	0.0278243	-1.54391	0.212294
2.78064	0.0346802	-1.52901	0.217461
2.88557	0.0524664	-1.50577	0.2254
2.96526	0.0398446	-1.48756	0.231757
3.04538	0.0400572	-1.46873	0.238587
3.11904	0.0368329	-1.45091	0.245349
3.18901	0.0349848	-1.4335	0.252279
3.2565	0.0337457	-1.41624	0.259506
3.32201	0.0327521	-1.39899	0.267105
3.38576	0.0318781	-1.38171	0.27513
3.44791	0.031073	-1.36436	0.283636
3.50854	0.0303145	-1.34689	0.292675
3.56772	0.0295927	-1.32929	0.302305
3.62553	0.0289036	-1.31153	0.312592
3.68202	0.0282469	-1.29356	0.323609
3.73727	0.027624	-1.27537	0.335445
3.79135	0.0270382	-1.25689	0.3482
3.84434	0.0264943	-1.23808	0.361999
3.89634	0.0259995	-1.21888	0.376991
3.94746	0.0255637	-1.1992	0.393364
3.99787	0.0252016	-1.17893	0.411356
4.04774	0.0249357	-1.15793	0.431282
4.09734	0.0248027	-1.136	0.45358
4.14708	0.0248675	-1.11283	0.478884
4.1976	0.0252584	-1.08793	0.508214
4.24702	0.0247115	-1.06202	0.541192
4.29336	0.0231712	-1.03615	0.576794
4.33676	0.0217008	-1.01031	0.615131
4.37745	0.0203448	-0.984469	0.656385
4.41565	0.0190963	-0.958581	0.700754
4.45154	0.0179466	-0.932601	0.748441
4.48531	0.0168873	-0.906486	0.79966
4.51253	0.0136108	-0.884101	0.84624
4.53733	0.0123995	-0.862545	0.893472
4.56231	0.0124859	-0.839591	0.946362
4.58511	0.0114024	-0.817413	1.00003
4.60609	0.010488	-0.795878	1.05456
4.62553	0.00972424	-0.77484	1.11014
4.64368	0.00907355	-0.754191	1.16691
4.6607	0.00851013	-0.733846	1.22498
4.67673	0.00801604	-0.71374	1.28445
4.69189	0.00757831	-0.693819	1.34538
4.70627	0.00718723	-0.67404	1.40784
4.71994	0.00683537	-0.654364	1.4719
4.73297	0.00651692	-0.634759	1.5376
4.74542	0.00622724	-0.615197	1.60498
4.75735	0.00596256	-0.595652	1.6741
4.76879	0.00571979	-0.576102	1.745
4.77978	0.00549638	-0.556526	1.81771
4.79036	0.00529017	-0.536906	1.89227
4.80056	0.00509934	-0.517223	1.96871
4.81041	0.00492235	-0.497462	2.04708
4.81992	0.00475785	-0.477606	2.1274
4.82913	0.0046047	-0.45764	2.2097
4.83805	0.0044619	-0.43755	2.29401
4.84671	0.00432857	-0.417322	2.38037
4.85512	0.00420394	-0.396941	2.46881
4.86329	0.00408735	-0.376394	2.55934
4.87125	0.00397819	-0.355667	2.65199
4.879	0.00387594	-0.334746	2.74681
4.88656	0.00378013	-0.313617	2.84379
4.89394	0.00369035	-0.292266	2.94298
4.90116	0.00360624	-0.270678	3.04439
4.90821	0.00352746	-0.248838	3.14805
4.91512	0.00345373	-0.226731	3.25397
4.92189	0.0033848	-0.204341	3.36218
4.92853	0.00332044	-0.181649	3.47268
4.93505	0.00326046	-0.15864	3.5855
4.94146	0.00320469	-0.135294	3.70065
4.94776	0.00315299	-0.11159	3.81813
4.95398	0.00310523	-0.0875091	3.93795
4.9601	0.00306131	-0.0630276	4.06012
4.96614	0.00302117	-0.0381218	4.18462
4.97211	0.00298473	-0.012766	4.31146
4.97801	0.00295198	0.0130672	4.44062
4.98386	0.00292289	0.0394077	4.57207
4.98965	0.00289745	0.0662874	4.70577
4.99541	0.0028757	0.0937408	4.84169
5.00112	0.00285766	0.121805	4.97975
5.00681	0.00284337	0.15052	5.11987
5.01247	0.00283289	0.179929	5.26195
5.01813	0.00282626	0.210078	5.40585
5.02377	0.0028235	0.241014	5.55137
5.02942	0.00282461	0.272789	5.69829
5.03508	0.00282949	0.305454	5.8463
5.04076	0.00283793	0.339059	5.99503
5.04646	0.00284954	0.37365	6.14396
5.05218	0.00286361	0.409265	6.29248
5.05794	0.00287905	0.445923	6.43976
5.06373	0.00289417	0.483621	6.58481
5.06954	0.00290665	0.522315	6.72638
5.07537	0.00291341	0.561911	6.86298
5.08119	0.00291085	0.602248	6.99291
5.08698	0.00289533	0.6431	7.11432
5.09271	0.002864	0.684176	7.2254
5.09834	0.00281574	0.725152	7.32454
5.10385	0.00275174	0.765707	7.4105
5.1092	0.00267531	0.805558	7.48252
5.11438	0.002591	0.84449	7.54037
5.11938	0.0025035	0.882363	7.58421
5.12422	0.00241676	0.919101	7.61448
5.12889	0.00233363	0.954688	7.63183
5.1334	0.00225591	0.989139	7.63696
5.13777	0.00218453	1.0225	7.6306
5.14201	0.00211986	1.05482	7.61344
5.14613	0.00206186	1.08616	7.58613
5.15015	0.00201031	1.1166	7.54927
5.15408	0.00196487	1.14618	7.50339
5.15793	0.0019252	1.17497	7.44896
5.16171	0.00189093	1.20302	7.38641
5.16544	0.00186176	1.2304	7.31611
5.16911	0.00183741	1.25715	7.23838
5.17275	0.00181769	1.28331	7.1535
5.17635	0.00180244	1.30894	7.0617
5.17993	0.00179158	1.33407	6.96317
5.1835	0.00178512	1.35874	6.85807
5.18707	0.00178313	1.383	6.74651
5.19064	0.00178579	1.40689	6.62854
5.19423	0.00179338	1.43045	6.50419
5.19784	0.00180636	1.45371	6.37339
5.20149	0.00182537	1.47673	6.23603
5.2052	0.00185133	1.49955	6.0919
5.20897	0.00188555	1.52224	5.94066
5.21283	0.00192998	1.54487	5.78181
5.2168	0.00198754	1.56752	5.61458
5.22093	0.0020629	1.59032	5.43785
5.22526	0.00216395	1.61345	5.2498
5.22987	0.00230556	1.6372	5.04742
5.23491	0.00252027	1.66208	4.82495
5.24071	0.00290122	1.68933	4.56885
5.24862	0.00395428	1.72409	4.22287
5.254	0.0026926	1.7462	3.99119
5.25891	0.00245135	1.76526	3.78413
5.26385	0.00247276	1.78347	3.57978
5.2684	0.00227244	1.79932	3.39656
5.27268	0.00214169	1.8135	3.2283
5.27678	0.00205195	1.82643	3.0714
5.28076	0.00198624	1.83833	2.92377
5.28463	0.00193636	1.84938	2.78404
5.28842	0.00189773	1.8597	2.65122
5.29216	0.00186755	1.86936	2.52459
5.29585	0.00184397	1.87845	2.40359
5.2995	0.00182574	1.88701	2.28776
5.30312	0.00181194	1.8951	2.17673
5.30673	0.00180191	1.90275	2.0702
5.31032	0.00179513	1.91	1.9679
5.3139	0.00179123	1.91687	1.8696
5.31748	0.00178991	1.92339	1.77511
5.32106	0.00179092	1.92958	1.68424
5.32465	0.00179408	1.93547	1.59684
5.32825	0.00179925	1.94106	1.51276
5.33186	0.00180631	1.94638	1.43188
5.33549	0.00181516	1.95144	1.35408
5.33914	0.00182574	1.95624	1.27923
5.34282	0.001838	1.96081	1.20726
5.34652	0.00185189	1.96515	1.13804
5.35026	0.0018674	1.96928	1.07151
5.35403	0.00188451	1.97319	1.00757
5.35783	0.00190321	1.97691	0.946142
5.36168	0.00192352	1.98043	0.887152
5.36557	0.00194545	1.98377	0.830526
5.36951	0.00196903	1.98694	0.776197
5.3735	0.00199429	1.98993	0.724097
5.37754	0.00202127	1.99275	0.674163
5.38164	0.00205003	1.99542	0.626332
5.3858	0.00208062	1.99793	0.580546
5.39003	0.0021131	2.00029	0.536746
5.39432	0.00214757	2.0025	0.494877
5.39869	0.0021841	2.00457	0.454884
5.40314	0.0022228	2.00651	0.416713
5.40766	0.00226376	2.00831	0.380313
5.41228	0.00230712	2.00999	0.345634
5.41698	0.002353	2.01153	0.312624
5.42179	0.00240156	2.01296	0.281237
5.42669	0.00245296	2.01426	0.251423
5.43171	0.00250738	2.01545	0.223136
5.43684	0.00256503	2.01653	0.19633
5.44209	0.00262612	2.01749	0.170959
5.44747	0.0026909	2.01834	0.146978
5.45299	0.00275966	2.01909	0.124344
5.45866	0.0028327	2.01973	0.103011
5.46448	0.00291036	2.02027	0.0829384
5.47046	0.00299302	2.02071	0.064082
5.47662	0.00308112	2.02105	0.0463999
5.48298	0.00317514	2.02129	0.0298502
5.48953	0.00327562	2.02144	0.0143916
5.49629	0.00338318	2.02148	-1.6938e-05
5.50329	0.00349851	2.02144	-0.0134162
5.51053	0.00362241	2.02129	-0.0258465
5.51805	0.0037558	2.02105	-0.037348
5.52585	0.0038997	2.02072	-0.0479605
5.53396	0.00405533	2.02029	-0.0577234
5.5424	0.00422409	2.01976	-0.0666761
5.55122	0.00440758	2.01914	-0.0748577
5.56043	0.00460772	2.01841	-0.082307
5.57009	0.00482675	2.01758	-0.0890625
5.58022	0.00506733	2.01665	-0.0951629
5.59089	0.00533263	2.0156	-0.100646
5.60214	0.00562648	2.01444	-0.105551
5.61405	0.00595353	2.01316	-0.109914
5.62669	0.00631947	2.01174	-0.113775
5.64015	0.00673137	2.01019	-0.11717
5.65455	0.00719805	2.00848	-0.120137
5.67001	0.00773073	2.0066	-0.122715
5.6867	0.00834383	2.00453	-0.12494
5.70481	0.00905619	2.00225	-0.126852
5.72459	0.00989292	1.99972	-0.128487
5.74637	0.0108881	1.99691	-0.129884
5.77055	0.0120894	1.99375	-0.131084
5.79768	0.013565	1.99018	-0.132128
5.82851	0.0154165	1.98609	-0.133059
5.86412	0.0178024	1.98134	-0.133924
5.90609	0.0209863	1.9757	-0.13478
5.95699	0.0254482	1.96882	-0.135697
6.0214	0.0322088	1.96004	-0.13678
6.10981	0.0442032	1.94788	-0.138238
6.25052	0.0703549	1.92827	-0.140615
6.36919	0.0593349	1.91146	-0.142708
6.48771	0.0592627	1.89441	-0.144899
6.60314	0.0577118	1.87756	-0.147138
6.71643	0.0566461	1.86076	-0.149444
6.82801	0.0557883	1.84396	-0.151831
6.93788	0.0549382	1.82714	-0.154304
7.04602	0.0540691	1.81032	-0.156865
7.1524	0.0531869	1.79349	-0.159519
7.25699	0.0522957	1.77667	-0.162272
7.35978	0.051397	1.75984	-0.165127
7.46077	0.0504923	1.74302	-0.168091
7.55993	0.0495827	1.7262	-0.171169
7.65727	0.0486694	1.70939	-0.174367
7.75278	0.0477535	1.69258	-0.177693
7.84645	0.0468362	1.67577	-0.181153
7.93829	0.0459187	1.65897	-0.184756
8.02829	0.045002	1.64218	-0.18851
8.11646	0.0440871	1.62539	-0.192424
8.20281	0.0431752	1.6086	-0.196508
8.28735	0.0422673	1.59181	-0.200773
8.37008	0.0413645	1.57502	-0.205232
8.45101	0.0404678	1.55822	-0.209896
8.53017	0.0395782	1.54142	-0.214781
8.60756	0.0386967	1.5246	-0.219901
8.68321	0.0378245	1.50777	-0.225274
8.75714	0.0369625	1.49091	-0.230918
8.82936	0.0361118	1.47402	-0.236854
8.89991	0.0352736	1.45709	-0.243105
8.96881	0.034449	1.44012	-0.249697
9.03608	0.0336391	1.42309	-0.256656
9.10178	0.0328453	1.406	-0.264016
9.16591	0.0320689	1.38882	-0.271811
9.22854	0.0313113	1.37154	-0.280082
9.28968	0.0305743	1.35415	-0.288874
9.3494	0.0298596	1.33663	-0.298238
9.40774	0.0291694	1.31895	-0.308235
9.46475	0.0285062	1.30107	-0.318933
9.5205	0.027873	1.28298	-0.330412
9.57505	0.0272737	1.26463	-0.342767
9.62847	0.0267132	1.24597	-0.356113
9.68087	0.0261978	1.22694	-0.370585
9.73234	0.0257365	1.20747	-0.386355
9.78303	0.0253418	1.18746	-0.403638
9.83309	0.0250326	1.16679	-0.422712
9.88277	0.0248385	1.14528	-0.443956
9.93239	0.0248101	1.12268	-0.46791
9.98247	0.0250424	1.09857	-0.495398
10.0332	0.0253584	1.07267	-0.527326
10.0808	0.0238099	1.04676	-0.561857
10.1254	0.0222908	1.02092	-0.59905
10.1672	0.020888	0.995082	-0.639083
10.2064	0.0195965	0.969219	-0.682149
10.2432	0.0184072	0.943282	-0.728448
10.2778	0.0173117	0.917228	-0.778191
10.3064	0.0142769	0.894364	-0.824576
10.3322	0.0129313	0.872448	-0.871483
10.3559	0.0118418	0.851258	-0.919144
10.3797	0.0119118	0.828744	-0.972293
10.4016	0.0109363	0.806901	-1.02635
10.4218	0.0101014	0.785623	-1.08136
10.4406	0.00939644	0.764785	-1.13751
10.4582	0.00879072	0.744292	-1.1949
10.4747	0.0082628	0.724071	-1.25364
10.4903	0.00779742	0.704061	-1.3138
10.5051	0.00738336	0.684214	-1.37547
10.5191	0.00701211	0.664489	-1.4387
10.5324	0.0066771	0.644851	-1.50355
10.5452	0.00637312	0.62527	-1.57006
10.5574	0.00609598	0.605719	-1.63828
10.5691	0.00584228	0.586174	-1.70826
10.5803	0.00560919	0.566614	-1.78003
10.5911	0.00539436	0.547019	-1.85363
10.6015	0.00519582	0.527371	-1.9291
10.6115	0.00501188	0.507652	-2.00647
10.6212	0.0048411	0.487847	-2.08578
10.6305	0.00468224	0.467939	-2.16705
10.6396	0.00453423	0.447915	-2.25033
10.6484	0.00439612	0.42776	-2.33563
10.6569	0.0042671	0.407459	-2.42299
10.6652	0.00414644	0.387	-2.51244
10.6733	0.00403352	0.366367	-2.604
10.6811	0.00392777	0.345548	-2.6977
10.6888	0.0038287	0.324528	-2.79356
10.6963	0.00373587	0.303293	-2.89161
10.7036	0.00364888	0.281829	-2.99187
10.7107	0.00356739	0.260121	-3.09437
10.7177	0.0034911	0.238153	-3.19913
10.7245	0.00341973	0.215911	-3.30615
10.7312	0.00335304	0.193377	-3.41547
10.7378	0.00329083	0.170534	-3.5271
10.7443	0.00323291	0.147363	-3.64104
10.7506	0.00317912	0.123846	-3.75732
10.7569	0.00312934	0.0999623	-3.87594
10.7631	0.00308346	0.0756899	-3.99689
10.7691	0.00304138	0.0510058	-4.1202
10.7751	0.00300304	0.0258851	-4.24584
10.7811	0.00296839	0.000301416	-4.3738
10.787	0.00293742	-0.025774	-4.50407
10.7928	0.0029101	-0.0523718	-4.63662
10.7986	0.00288644	-0.0795252	-4.7714
10.8043	0.00286649	-0.10727	-4.90837
10.81	0.00285026	-0.135645	-5.04744
10.8157	0.00283781	-0.164691	-5.18853
10.8213	0.00282919	-0.194452	-5.33151
10.827	0.00282444	-0.224977	-5.47622
10.8326	0.00282356	-0.256314	-5.62245
10.8383	0.00282651	-0.288514	-5.76994
10.8439	0.00283316	-0.321628	-5.91836
10.8496	0.0028432	-0.355706	-6.06725
10.8553	0.00285611	-0.390789	-6.21607
10.8611	0.00287101	-0.426909	-6.3641
10.8669	0.00288655	-0.464074	-6.51045
10.8727	0.00290072	-0.502263	-6.65398
10.8785	0.00291085	-0.54141	-6.79334
10.8843	0.00291356	-0.58139	-6.92692
10.8901	0.00290515	-0.622009	-7.05295
10.8959	0.00288223	-0.663008	-7.16958
10.9016	0.0028427	-0.704077	-7.27505
10.9071	0.00278651	-0.744888	-7.36792
10.9126	0.00271597	-0.785133	-7.44719
10.9178	0.00263512	-0.824561	-7.51234
10.9229	0.00254871	-0.862992	-7.56336
10.9279	0.00246115	-0.90032	-7.60055
10.9326	0.00237587	-0.9365	-7.62447
10.9372	0.00229519	-0.971532	-7.6358
10.9416	0.00222047	-1.00545	-7.63527
10.9459	0.00215233	-1.0383	-7.62358
10.9501	0.00209091	-1.07014	-7.60142
10.9542	0.00203608	-1.10103	-7.56941
10.9582	0.00198754	-1.13104	-7.52812
10.9621	0.00194494	-1.16023	-7.47804
10.9659	0.00190793	-1.18866	-7.41962
10.9696	0.00187617	-1.21638	-7.35327
10.9733	0.00184936	-1.24345	-7.27933
10.977	0.00182728	-1.2699	-7.1981
10.9806	0.00180974	-1.2958	-7.10984
10.9842	0.00179663	-1.32118	-7.01475
10.9878	0.0017879	-1.34609	-6.91302
10.9913	0.00178359	-1.37056	-6.80478
10.9949	0.00178382	-1.39463	-6.69011
10.9985	0.00178883	-1.41835	-6.56904
11.0021	0.00179897	-1.44176	-6.44158
11.0057	0.00181478	-1.4649	-6.30762
11.0094	0.00183702	-1.48782	-6.16701
11.0131	0.00186679	-1.51057	-6.01948
11.0169	0.00190567	-1.53322	-5.86463
11.0208	0.00195602	-1.55584	-5.70183
11.0249	0.00202147	-1.57855	-5.53017
11.0291	0.002108	-1.60148	-5.34823
11.0336	0.00222617	-1.62486	-5.15372
11.0383	0.00239721	-1.64907	-4.94259
11.0437	0.00267288	-1.67486	-4.70647
11.0502	0.00323856	-1.70442	-4.42136
11.0557	0.00274548	-1.72804	-4.18218
11.061	0.00267318	-1.74978	-3.95285
11.0658	0.00241375	-1.76837	-3.74969
11.0707	0.00243161	-1.78612	-3.54951
11.0752	0.00224769	-1.80166	-3.36902
11.0794	0.00212533	-1.81563	-3.20274
11.0835	0.00204021	-1.82838	-3.04743
11.0875	0.00197743	-1.84014	-2.90113
11.0913	0.00192957	-1.85107	-2.76255
11.0951	0.00189244	-1.86127	-2.63076
11.0989	0.00186341	-1.87084	-2.50505
11.1025	0.00184076	-1.87984	-2.3849
11.1062	0.00182328	-1.88832	-2.26985
11.1098	0.00181012	-1.89634	-2.15956
11.1134	0.00180063	-1.90392	-2.05371
11.117	0.00179433	-1.91111	-1.95206
11.1206	0.00179086	-1.91792	-1.85438
11.1242	0.00178991	-1.92439	-1.76047
11.1277	0.00179128	-1.93054	-1.67016
11.1313	0.00179477	-1.93637	-1.5833
11.1349	0.00180024	-1.94192	-1.49974
11.1385	0.00180759	-1.9472	-1.41935
11.1422	0.00181672	-1.95221	-1.34202
11.1458	0.00182757	-1.95698	-1.26764
11.1495	0.00184009	-1.96151	-1.19611
11.1532	0.00185424	-1.96582	-1.12732
11.157	0.00187001	-1.96991	-1.06121
11.1607	0.00188737	-1.9738	-0.997669
11.1645	0.00190632	-1.97748	-0.936633
11.1684	0.00192689	-1.98098	-0.878022
11.1723	0.00194908	-1.98429	-0.821766
11.1762	0.00197292	-1.98742	-0.767794
11.1802	0.00199845	-1.99039	-0.716041
11.1843	0.00202571	-1.99319	-0.666444
11.1884	0.00205475	-1.99583	-0.618942
11.1926	0.00208563	-1.99831	-0.573474
11.1968	0.00211843	-2.00065	-0.529984
11.2011	0.00215322	-2.00284	-0.488416
11.2055	0.00219009	-2.00489	-0.448715
11.21	0.00222913	-2.0068	-0.410828
11.2145	0.00227047	-2.00859	-0.374704
11.2191	0.00231422	-2.01024	-0.340292
11.2238	0.00236052	-2.01177	-0.307543
11.2287	0.00240951	-2.01317	-0.276408
11.2336	0.00246138	-2.01446	-0.24684
11.2386	0.0025163	-2.01563	-0.21879
11.2438	0.00257447	-2.01669	-0.192215
11.249	0.00263613	-2.01763	-0.167067
11.2544	0.00270153	-2.01847	-0.143303
11.26	0.00277094	-2.0192	-0.120877
11.2657	0.00284469	-2.01983	-0.0997476
11.2715	0.00292311	-2.02035	-0.0798703
11.2775	0.00300661	-2.02077	-0.0612027
11.2837	0.00309561	-2.0211	-0.0437028
11.2901	0.00319062	-2.02132	-0.0273288
11.2967	0.00329217	-2.02145	-0.0120394
11.3035	0.00340091	-2.02148	0.00220655
11.3105	0.00351755	-2.02142	0.0154496
11.3178	0.00364289	-2.02126	0.02773
11.3254	0.00377787	-2.02101	0.039088
11.3332	0.00392355	-2.02066	0.0495632
11.3414	0.00408116	-2.02021	0.0591951
11.3499	0.00425213	-2.01967	0.0680231
11.3588	0.00443813	-2.01903	0.076086
11.368	0.00464111	-2.01829	0.0834228
11.3778	0.00486336	-2.01744	0.0900719
11.388	0.00510763	-2.01649	0.0960719
11.3987	0.00537718	-2.01543	0.101461
11.4101	0.00567596	-2.01425	0.106277
11.4221	0.00600876	-2.01294	0.110559
11.4349	0.00638148	-2.01151	0.114343
11.4485	0.00680141	-2.00993	0.117668
11.463	0.00727774	-2.00819	0.120571
11.4787	0.0078221	-2.00629	0.12309
11.4956	0.00844953	-2.00419	0.125263
11.5139	0.00917974	-2.00187	0.127128
11.534	0.010039	-1.9993	0.128723
11.5561	0.0110633	-1.99643	0.130087
11.5807	0.0123028	-1.99322	0.131259
11.6084	0.0138301	-1.98957	0.132282
11.6399	0.0157537	-1.98539	0.133199
11.6764	0.0182448	-1.98051	0.134059
11.7196	0.021591	-1.9747	0.134919
11.7722	0.0263266	-1.96757	0.135854
11.8395	0.0336268	-1.9584	0.136978
11.9338	0.0471424	-1.94541	0.138534
12.0685	0.0673682	-1.92659	0.14082
12.1869	0.0592145	-1.90979	0.142919
12.3053	0.0591668	-1.89275	0.145116
12.4205	0.0576296	-1.8759	0.147362
12.5337	0.0565645	-1.8591	0.149677
12.6451	0.0557042	-1.84229	0.152072
12.7548	0.0548524	-1.82548	0.154553
12.8627	0.0539822	-1.80865	0.157123
12.9689	0.0530991	-1.79183	0.159787
13.0733	0.052207	-1.775	0.16255
13.176	0.0513077	-1.75818	0.165415
13.2768	0.0504025	-1.74136	0.16839
13.3758	0.0494924	-1.72454	0.17148
13.4729	0.0485788	-1.70772	0.17469
13.5682	0.0476628	-1.69091	0.178029
13.6617	0.0467454	-1.67411	0.181503
13.7534	0.0458279	-1.65731	0.18512
13.8432	0.0449113	-1.64052	0.18889
13.9312	0.0439967	-1.62373	0.19282
14.0174	0.0430852	-1.60694	0.196922
14.1017	0.0421777	-1.59015	0.201206
14.1843	0.0412755	-1.57336	0.205684
14.265	0.0403794	-1.55656	0.21037
14.344	0.0394905	-1.53975	0.215277
14.4212	0.0386099	-1.52293	0.220421
14.4967	0.0377387	-1.5061	0.22582
14.5705	0.0368778	-1.48924	0.231492
14.6425	0.0360283	-1.47235	0.237459
14.7129	0.0351914	-1.45542	0.243742
14.7816	0.0343681	-1.43844	0.250368
14.8488	0.0335598	-1.4214	0.257366
14.9143	0.0327677	-1.4043	0.264767
14.9783	0.0319931	-1.38711	0.272608
15.0408	0.0312375	-1.36983	0.280928
15.1018	0.0305025	-1.35243	0.289774
15.1613	0.0297902	-1.33489	0.299198
15.2196	0.0291025	-1.31719	0.309261
15.2764	0.0284421	-1.29929	0.320033
15.3321	0.0278121	-1.28118	0.331594
15.3865	0.0272164	-1.2628	0.344042
15.4398	0.02666	-1.2441	0.357492
15.4921	0.0261496	-1.22504	0.372085
15.5435	0.0256942	-1.20552	0.387994
15.5941	0.025307	-1.18545	0.40544
15.6441	0.0250076	-1.1647	0.42471
15.6938	0.0248272	-1.1431	0.446196
15.7434	0.0248193	-1.12037	0.470456
15.7936	0.0250858	-1.09609	0.498357
15.844	0.025205	-1.07018	0.530527
15.8913	0.0236587	-1.04428	0.565305
15.9356	0.0221512	-1.01844	0.602762
15.9771	0.0207595	-0.992604	0.643078
16.0161	0.0194782	-0.966736	0.686445
16.0527	0.0182982	-0.94079	0.733065
16.0871	0.0172113	-0.914722	0.783149
16.1153	0.0141135	-0.891979	0.829564
16.141	0.0128041	-0.87015	0.876542
16.1668	0.0129045	-0.846865	0.929311
16.1902	0.0117371	-0.824439	0.982752
16.2118	0.0107624	-0.802716	1.03698
16.2317	0.00995505	-0.781532	1.09221
16.2502	0.00927144	-0.760769	1.14859
16.2676	0.00868232	-0.740334	1.20623
16.2839	0.00816763	-0.720158	1.26524
16.2993	0.00771303	-0.700183	1.3257
16.314	0.00730791	-0.680363	1.38766
16.3278	0.00694419	-0.660657	1.4512
16.3411	0.0066156	-0.641033	1.51637
16.3537	0.00631714	-0.62146	1.58321
16.3658	0.00604482	-0.601912	1.65177
16.3774	0.00579533	-0.582366	1.72209
16.3885	0.00556597	-0.562801	1.79422
16.3992	0.00535446	-0.543197	1.86818
16.4095	0.00515889	-0.523536	1.94402
16.4195	0.00497762	-0.503802	2.02177
16.4291	0.00480926	-0.483977	2.10146
16.4384	0.00465259	-0.464048	2.18312
16.4474	0.00450657	-0.444	2.26679
16.4562	0.0043703	-0.423817	2.35249
16.4647	0.00424296	-0.403487	2.44025
16.4729	0.00412386	-0.382994	2.53011
16.4809	0.00401238	-0.362327	2.62208
16.4888	0.00390797	-0.341469	2.7162
16.4964	0.00381014	-0.320408	2.81249
16.5038	0.00371847	-0.29913	2.91097
16.5111	0.00363258	-0.27762	3.01167
16.5182	0.00355213	-0.255862	3.1146
16.5251	0.00347682	-0.233843	3.2198
16.5319	0.00340637	-0.211545	3.32727
16.5386	0.00334057	-0.188952	3.43703
16.5452	0.00327921	-0.166046	3.54911
16.5516	0.00322211	-0.14281	3.66351
16.558	0.00316911	-0.119223	3.78024
16.5642	0.0031201	-0.0952653	3.89931
16.5704	0.00307496	-0.0709146	4.02073
16.5764	0.00303362	-0.0461474	4.14449
16.5824	0.002996	-0.0209387	4.27058
16.5883	0.00296207	0.0047385	4.399
16.5942	0.00293181	0.0309132	4.52971
16.6	0.0029052	0.0576165	4.6627
16.6058	0.00288227	0.0848822	4.79791
16.6115	0.00286303	0.112747	4.9353
16.6172	0.00284754	0.141249	5.07477
16.6229	0.00283583	0.170431	5.21624
16.6285	0.00282796	0.200337	5.35957
16.6342	0.00282396	0.231016	5.50459
16.6398	0.00282384	0.262517	5.65109
16.6455	0.00282752	0.294891	5.79879
16.6512	0.00283486	0.32819	5.94734
16.6568	0.00284551	0.36246	6.09627
16.6626	0.00285889	0.397743	6.245
16.6683	0.00287404	0.434066	6.39278
16.6741	0.00288949	0.471434	6.53867
16.6799	0.00290311	0.509817	6.6815
16.6857	0.00291207	0.549138	6.81987
16.6915	0.00291291	0.589259	6.95213
16.6973	0.00290191	0.629975	7.07647
16.7031	0.00287587	0.671013	7.19105
16.7088	0.00283302	0.712057	7.29417
16.7143	0.00277379	0.75278	7.38445
16.7197	0.00270088	0.792884	7.46099
16.725	0.00261857	0.83213	7.52339
16.73	0.00253162	0.870352	7.57167
16.7349	0.00244427	0.907459	7.60623
16.7396	0.00235973	0.943414	7.62764
16.7442	0.00228014	0.978225	7.6366
16.7486	0.00220667	1.01193	7.63384
16.7529	0.00213984	1.04457	7.62007
16.757	0.00207972	1.07623	7.59594
16.7611	0.00202614	1.10694	7.56208
16.765	0.00197878	1.13679	7.51903
16.7689	0.0019373	1.16583	7.4673
16.7727	0.00190134	1.19411	7.40731
16.7765	0.00187057	1.2217	7.33945
16.7802	0.0018447	1.24865	7.26407
16.7838	0.00182351	1.27499	7.18145
16.7874	0.00180684	1.30078	7.09184
16.791	0.00179458	1.32607	6.99545
16.7946	0.00178671	1.35088	6.89245
16.7981	0.00178327	1.37527	6.78294
16.8017	0.00178442	1.39928	6.66703
16.8053	0.00179039	1.42293	6.54472
16.8089	0.00180159	1.44629	6.416
16.8125	0.00181858	1.46938	6.28076
16.8162	0.00184219	1.49226	6.13883
16.82	0.00187358	1.51499	5.98991
16.8238	0.00191448	1.53762	5.83356
16.8277	0.00196744	1.56026	5.66912
16.8318	0.00203643	1.58299	5.49559
16.8361	0.00212808	1.60599	5.31142
16.8406	0.00225437	1.6295	5.11407
16.8454	0.00244007	1.65393	4.89895
16.8509	0.00274896	1.6802	4.65612
16.8578	0.00343992	1.71119	4.35384
16.8633	0.00272918	1.73431	4.11698
16.8685	0.00259125	1.75507	3.89577
16.8732	0.00236189	1.773	3.69807
16.8779	0.00237558	1.7901	3.50367
16.8824	0.00221283	1.80522	3.32709
16.8866	0.00210178	1.81886	3.16374
16.8906	0.00202311	1.83135	3.01078
16.8945	0.00196451	1.84289	2.86648
16.8984	0.0019196	1.85363	2.72964
16.9022	0.00188465	1.86367	2.59939
16.9059	0.00185732	1.8731	2.4751
16.9095	0.00183603	1.88196	2.35623
16.9132	0.00181968	1.89033	2.24238
16.9168	0.00180747	1.89824	2.1332
16.9204	0.0017988	1.90572	2.02841
16.924	0.00179323	1.91281	1.92775
16.9276	0.0017904	1.91954	1.83101
16.9311	0.00179004	1.92593	1.738
16.9347	0.00179194	1.932	1.64855
16.9383	0.00179593	1.93776	1.56251
16.9419	0.00180188	1.94324	1.47974
16.9455	0.00180967	1.94845	1.40011
16.9492	0.00181923	1.9534	1.32352
16.9528	0.00183049	1.95811	1.24984
16.9565	0.00184341	1.96259	1.17899
16.9602	0.00185796	1.96684	1.11087
16.964	0.00187411	1.97088	1.04539
16.9678	0.00189187	1.97472	0.982475
16.9716	0.00191122	1.97836	0.922041
16.9755	0.00193218	1.9818	0.864014
16.9794	0.00195477	1.98507	0.808323
16.9833	0.00197902	1.98816	0.754902
16.9873	0.00200497	1.99109	0.703684
16.9914	0.00203266	1.99385	0.654606
16.9955	0.00206215	1.99645	0.607608
16.9997	0.0020935	1.9989	0.56263
17.004	0.00212677	2.0012	0.519616
17.0083	0.00216206	2.00335	0.478511
17.0127	0.00219945	2.00537	0.439259
17.0172	0.00223905	2.00725	0.40181
17.0217	0.00228097	2.009	0.36611
17.0264	0.00232533	2.01063	0.332111
17.0311	0.00237227	2.01212	0.299762
17.036	0.00242196	2.0135	0.269015
17.0409	0.00247455	2.01476	0.239823
17.046	0.00253025	2.0159	0.21214
17.0512	0.00258926	2.01693	0.185918
17.0565	0.00265181	2.01785	0.161114
17.0619	0.00271816	2.01866	0.137682
17.0675	0.00278861	2.01936	0.115578
17.0732	0.00286347	2.01996	0.0947596
17.0791	0.0029431	2.02046	0.0751828
17.0851	0.0030279	2.02086	0.0568055
17.0914	0.00311833	2.02116	0.0395855
17.0978	0.00321489	2.02136	0.0234812
17.1044	0.00331814	2.02147	0.00845141
17.1113	0.00342875	2.02148	-0.00554485
17.1184	0.00354744	2.02139	-0.0185481
17.1257	0.00367506	2.02121	-0.0305987
17.1334	0.00381255	2.02093	-0.0417366
17.1413	0.00396104	2.02056	-0.0520014
17.1495	0.00412179	2.02009	-0.0614325
17.1581	0.00429628	2.01952	-0.0700693
17.1671	0.00448625	2.01886	-0.0779506
17.1765	0.00469372	2.01809	-0.0851152
17.1863	0.0049211	2.01722	-0.0916017
17.1967	0.00517124	2.01624	-0.0974484
17.2076	0.00544756	2.01515	-0.102693
17.2191	0.0057542	2.01394	-0.107375
17.2313	0.0060962	2.0126	-0.111531
17.2442	0.00647975	2.01113	-0.115199
17.2581	0.00691258	2.00952	-0.118417
17.2729	0.0074044	2.00774	-0.121223
17.2888	0.00796759	2.00579	-0.123654
17.306	0.00861818	2.00364	-0.125748
17.3248	0.00937729	2.00126	-0.127543
17.3453	0.0102733	1.99863	-0.129077
17.368	0.011345	1.99568	-0.13039
17.3933	0.0126472	1.99237	-0.131522
17.4218	0.0142598	1.9886	-0.132515
17.4544	0.0163035	1.98426	-0.133413
17.4924	0.0189713	1.97919	-0.134267
17.5376	0.0225943	1.9731	-0.135138
17.5932	0.0278081	1.96555	-0.136106
17.6654	0.0360984	1.95568	-0.137304
17.771	0.0528217	1.94109	-0.139054
17.9006	0.0648022	1.92292	-0.141273
18.03	0.0646969	1.9045	-0.143596
18.1476	0.0587943	1.88748	-0.145811
18.2614	0.0568918	1.87077	-0.148062
18.3738	0.0561903	1.854	-0.150396
18.4847	0.0554397	1.83719	-0.152816
18.5939	0.0545931	1.82037	-0.155324
18.7013	0.0537163	1.80354	-0.157922
18.8069	0.0528292	1.78672	-0.160616
18.9108	0.0519346	1.76989	-0.163409
19.0129	0.0510334	1.75307	-0.166307
19.1131	0.0501265	1.73625	-0.169316
19.2116	0.0492153	1.71943	-0.172442
19.3082	0.0483008	1.70262	-0.175691
19.4029	0.0473842	1.68581	-0.17907
19.4959	0.0464667	1.66901	-0.182586
19.587	0.0455494	1.65221	-0.186249
19.6762	0.0446333	1.63542	-0.190066
19.7637	0.0437195	1.61863	-0.194047
19.8493	0.0428091	1.60184	-0.198203
19.9331	0.0419031	1.58505	-0.202545
20.0151	0.0410026	1.56825	-0.207085
20.0953	0.0401086	1.55146	-0.211836
20.1738	0.0392222	1.53465	-0.216814
20.2505	0.0383443	1.51782	-0.222033
20.3254	0.037476	1.50098	-0.227513
20.3986	0.0366185	1.48411	-0.233272
20.4702	0.0357727	1.46721	-0.239332
20.5401	0.0349398	1.45027	-0.245717
20.6083	0.034121	1.43327	-0.252453
20.6749	0.0333175	1.41622	-0.25957
20.74	0.0325305	1.39909	-0.267101
20.8035	0.0317615	1.38187	-0.275082
20.8656	0.031012	1.36456	-0.283557
20.9261	0.0302837	1.34711	-0.292573
20.9853	0.0295786	1.32953	-0.302184
21.0431	0.0288989	1.31177	-0.312454
21.0996	0.0282474	1.29382	-0.323456
21.1548	0.0276274	1.27563	-0.335276
21.2089	0.027043	1.25716	-0.348015
21.2619	0.0264998	1.23836	-0.361796
21.3139	0.026005	1.21916	-0.376769
21.3651	0.0255687	1.19949	-0.393119
21.4155	0.0252057	1.17923	-0.411084
21.4653	0.0249384	1.15824	-0.43098
21.515	0.0248032	1.13633	-0.453238
21.5647	0.0248645	1.11318	-0.478493
21.6152	0.0252492	1.0883	-0.507754
21.6646	0.0247339	1.0624	-0.540694
21.711	0.0231934	1.03652	-0.576258
21.7545	0.0217214	1.01069	-0.614553
21.7952	0.0203638	0.984846	-0.655763
21.8334	0.0191138	0.958959	-0.700085
21.8694	0.0179626	0.932981	-0.747723
21.9032	0.0169021	0.906868	-0.798889
21.9304	0.0136334	0.884467	-0.84546
21.9553	0.0124178	0.862898	-0.89268
21.9803	0.0125048	0.839929	-0.945563
22.0031	0.0114176	0.81774	-0.999215
22.0241	0.0105005	0.796197	-1.05373
22.0436	0.00973479	0.775153	-1.10929
22.0617	0.00908262	0.754498	-1.16605
22.0788	0.00851804	0.734149	-1.2241
22.0948	0.00802301	0.71404	-1.28354
22.11	0.00758451	0.694117	-1.34445
22.1244	0.00719279	0.674336	-1.4069
22.1381	0.00684039	0.654659	-1.47093
22.1511	0.00652148	0.635053	-1.5366
22.1636	0.00623139	0.61549	-1.60396
22.1755	0.00596636	0.595945	-1.67305
22.1869	0.00572328	0.576395	-1.74392
22.1979	0.0054996	0.55682	-1.8166
22.2085	0.00529314	0.537201	-1.89114
22.2187	0.0051021	0.517519	-1.96755
22.2286	0.00492491	0.497759	-2.04589
22.2381	0.00476023	0.477905	-2.12618
22.2473	0.00460692	0.457941	-2.20845
22.2562	0.00446397	0.437853	-2.29273
22.2649	0.0043305	0.417626	-2.37906
22.2733	0.00420575	0.397248	-2.46746
22.2815	0.00408904	0.376703	-2.55796
22.2895	0.00397977	0.355979	-2.65059
22.2972	0.00387742	0.335061	-2.74537
22.3048	0.00378152	0.313935	-2.84232
22.3122	0.00369165	0.292588	-2.94148
22.3194	0.00360746	0.271004	-3.04286
22.3264	0.0035286	0.249168	-3.14648
22.3333	0.0034548	0.227065	-3.25237
22.3401	0.0033858	0.204679	-3.36054
22.3468	0.00332138	0.181992	-3.47101
22.3533	0.00326133	0.158988	-3.58379
22.3597	0.0032055	0.135646	-3.6989
22.366	0.00315373	0.111949	-3.81635
22.3722	0.00310591	0.0878733	-3.93614
22.3783	0.00306194	0.063398	-4.05827
22.3844	0.00302174	0.0384987	-4.18274
22.3903	0.00298525	0.01315	-4.30954
22.3963	0.00295244	-0.012676	-4.43866
22.4021	0.0029233	-0.0390086	-4.57008
22.4079	0.00289781	-0.06588	-4.70375
22.4136	0.002876	-0.0933245	-4.83963
22.4194	0.0028579	-0.121379	-4.97766
22.425	0.00284356	-0.150084	-5.11776
22.4307	0.00283302	-0.179483	-5.25981
22.4364	0.00282633	-0.20962	-5.40368
22.442	0.00282352	-0.240544	-5.54918
22.4477	0.00282456	-0.272306	-5.69608
22.4533	0.00282939	-0.304957	-5.84408
22.459	0.00283778	-0.338548	-5.99279
22.4647	0.00284934	-0.373124	-6.14173
22.4704	0.00286339	-0.408723	-6.29026
22.4762	0.00287881	-0.445365	-6.43757
22.482	0.00289396	-0.483048	-6.58266
22.4878	0.00290649	-0.521728	-6.72429
22.4936	0.00291336	-0.561311	-6.86098
22.4994	0.00291097	-0.601639	-6.99101
22.5052	0.00289567	-0.642484	-7.11257
22.5109	0.0028646	-0.683559	-7.22382
22.5166	0.00281659	-0.724539	-7.32315
22.5221	0.0027528	-0.765103	-7.40931
22.5274	0.00267652	-0.804966	-7.48155
22.5326	0.0025923	-0.843914	-7.53961
22.5376	0.00250482	-0.881803	-7.58365
22.5425	0.00241804	-0.918559	-7.61413
22.5471	0.00233484	-0.954162	-7.63166
22.5517	0.00225703	-0.98863	-7.63697
22.556	0.00218555	-1.02201	-7.63077
22.5603	0.00212078	-1.05434	-7.61377
22.5644	0.00206268	-1.0857	-7.58661
22.5684	0.00201103	-1.11615	-7.54989
22.5723	0.00196551	-1.14574	-7.50414
22.5762	0.00192575	-1.17454	-7.44984
22.58	0.00189141	-1.20261	-7.38741
22.5837	0.00186216	-1.23	-7.31722
22.5874	0.00183774	-1.25675	-7.2396
22.591	0.00181795	-1.28292	-7.15482
22.5946	0.00180263	-1.30856	-7.06312
22.5982	0.00179171	-1.33369	-6.9647
22.6018	0.00178519	-1.35837	-6.8597
22.6053	0.00178313	-1.38264	-6.74823
22.6089	0.00178571	-1.40654	-6.63036
22.6125	0.00179323	-1.43009	-6.5061
22.6161	0.00180613	-1.45336	-6.3754
22.6198	0.00182504	-1.47639	-6.23815
22.6235	0.00185088	-1.49921	-6.09412
22.6272	0.00188497	-1.5219	-5.94299
22.6311	0.00192922	-1.54453	-5.78425
22.6351	0.00198656	-1.56718	-5.61716
22.6392	0.0020616	-1.58998	-5.44058
22.6435	0.00216219	-1.6131	-5.25272
22.6481	0.00230302	-1.63683	-5.05058
22.6532	0.0025162	-1.66169	-4.82848
22.6589	0.00289315	-1.68889	-4.57308
22.6668	0.0039218	-1.72341	-4.22986
22.6722	0.00270039	-1.74562	-3.99739
22.6771	0.00245763	-1.76476	-3.78969
22.6821	0.00247972	-1.78304	-3.58464
22.6866	0.00227655	-1.79894	-3.40097
22.6909	0.00214438	-1.81316	-3.23238
22.695	0.00205387	-1.82612	-3.07523
22.699	0.00198768	-1.83805	-2.92739
22.7029	0.00193746	-1.84912	-2.78747
22.7067	0.00189859	-1.85945	-2.65449
22.7104	0.00186822	-1.86913	-2.52771
22.7141	0.0018445	-1.87822	-2.40657
22.7177	0.00182614	-1.8868	-2.29061
22.7214	0.00181224	-1.8949	-2.17947
22.725	0.00180212	-1.90256	-2.07283
22.7286	0.00179527	-1.90982	-1.97043
22.7321	0.0017913	-1.9167	-1.87203
22.7357	0.00178991	-1.92323	-1.77744
22.7393	0.00179086	-1.92943	-1.68649
22.7429	0.00179398	-1.93532	-1.599
22.7465	0.0017991	-1.94092	-1.51484
22.7501	0.00180611	-1.94625	-1.43388
22.7537	0.00181492	-1.95131	-1.356
22.7574	0.00182546	-1.95612	-1.28108
22.761	0.00183767	-1.9607	-1.20903
22.7648	0.00185152	-1.96504	-1.13975
22.7685	0.00186699	-1.96917	-1.07315
22.7723	0.00188406	-1.9731	-1.00915
22.7761	0.00190272	-1.97682	-0.947659
22.7799	0.00192299	-1.98035	-0.888608
22.7838	0.00194488	-1.98369	-0.831924
22.7877	0.00196842	-1.98686	-0.777538
22.7917	0.00199363	-1.98985	-0.725383
22.7958	0.00202057	-1.99268	-0.675395
22.7999	0.00204928	-1.99535	-0.627512
22.804	0.00207982	-1.99787	-0.581675
22.8082	0.00211226	-2.00023	-0.537826
22.8125	0.00214668	-2.00245	-0.495909
22.8169	0.00218316	-2.00452	-0.455869
22.8213	0.00222179	-2.00646	-0.417653
22.8259	0.0022627	-2.00827	-0.381209
22.8305	0.002306	-2.00995	-0.346486
22.8352	0.00235182	-2.0115	-0.313436
22.84	0.00240031	-2.01292	-0.282008
22.8449	0.00245163	-2.01423	-0.252155
22.8499	0.00250597	-2.01542	-0.22383
22.855	0.00256353	-2.0165	-0.196987
22.8603	0.00262453	-2.01747	-0.171581
22.8657	0.00268922	-2.01832	-0.147566
22.8712	0.00275788	-2.01907	-0.124898
22.8768	0.0028308	-2.01972	-0.103533
22.8827	0.00290834	-2.02026	-0.083429
22.8886	0.00299088	-2.0207	-0.0645424
22.8948	0.00307883	-2.02104	-0.0468312
22.9011	0.00317269	-2.02129	-0.0302536
22.9077	0.003273	-2.02143	-0.014768
22.9144	0.00338037	-2.02148	-0.000333482
22.9214	0.0034955	-2.02144	0.0130907
22.9287	0.00361918	-2.0213	0.0255449
22.9362	0.00375231	-2.02106	0.0370693
22.944	0.00389594	-2.02073	0.0477037
22.9521	0.00405126	-2.0203	0.0574876
22.9605	0.00421966	-2.01978	0.0664602
22.9693	0.00440276	-2.01915	0.0746608
22.9785	0.00460246	-2.01843	0.082128
22.9882	0.00482098	-2.01761	0.0889006
22.9983	0.00506098	-2.01667	0.0950169
23.0089	0.00532561	-2.01563	0.100515
23.0202	0.00561869	-2.01447	0.105434
23.0321	0.00594484	-2.01319	0.109811
23.0447	0.00630972	-2.01178	0.113683
23.0581	0.00672036	-2.01023	0.11709
23.0725	0.00718554	-2.00852	0.120068
23.0879	0.00771639	-2.00665	0.122655
23.1046	0.00832725	-2.00459	0.124888
23.1227	0.00903684	-2.00231	0.126807
23.1424	0.00987006	-1.99979	0.128449
23.1641	0.0108608	-1.99698	0.129852
23.1882	0.0120561	-1.99384	0.131056
23.2153	0.0135237	-1.99028	0.132103
23.246	0.0153641	-1.9862	0.133036
23.2815	0.0177339	-1.98147	0.133903
23.3233	0.0208931	-1.97586	0.134758
23.3739	0.0253138	-1.96901	0.135672
23.4379	0.0319946	-1.96029	0.13675
23.5254	0.0437758	-1.94826	0.138193
23.6674	0.0709731	-1.92847	0.14059
23.786	0.0593366	-1.91167	0.142682
23.9046	0.0592585	-1.89463	0.144871
24.02	0.0577194	-1.87778	0.147109
24.1333	0.056657	-1.86098	0.149414
24.2449	0.0557994	-1.84417	0.1518
24.3548	0.0549494	-1.82736	0.154272
24.463	0.0540803	-1.81053	0.156832
24.5694	0.0531983	-1.79371	0.159485
24.674	0.0523071	-1.77688	0.162236
24.7768	0.0514086	-1.76006	0.16509
24.8778	0.0505039	-1.74323	0.168052
24.977	0.0495943	-1.72642	0.171129
25.0744	0.0486811	-1.7096	0.174325
25.1699	0.0477652	-1.69279	0.177649
25.2636	0.046848	-1.67599	0.181108
25.3554	0.0459304	-1.65919	0.184709
25.4455	0.0450137	-1.64239	0.188461
25.5337	0.0440988	-1.6256	0.192373
25.62	0.0431868	-1.60881	0.196455
25.7046	0.0422789	-1.59202	0.200718
25.7874	0.041376	-1.57523	0.205174
25.8683	0.0404792	-1.55844	0.209835
25.9475	0.0395895	-1.54163	0.214717
26.0249	0.0387079	-1.52482	0.219834
26.1006	0.0378355	-1.50798	0.225204
26.1745	0.0369734	-1.49112	0.230844
26.2468	0.0361226	-1.47424	0.236777
26.3173	0.0352842	-1.45731	0.243023
26.3863	0.0344594	-1.44034	0.24961
26.4536	0.0336494	-1.42331	0.256565
26.5193	0.0328554	-1.40622	0.263919
26.5834	0.0320787	-1.38904	0.271709
26.6461	0.0313209	-1.37177	0.279973
26.7072	0.0305836	-1.35438	0.288758
26.767	0.0298686	-1.33685	0.298115
26.8253	0.029178	-1.31917	0.308103
26.8824	0.0285145	-1.3013	0.318791
26.9381	0.0278809	-1.28322	0.33026
26.9927	0.0272812	-1.26487	0.342604
27.0461	0.0267201	-1.24621	0.355935
27.0985	0.0262041	-1.22719	0.370393
27.15	0.025742	-1.20772	0.386145
27.2007	0.0253464	-1.18772	0.403406
27.2508	0.0250359	-1.16706	0.422455
27.3005	0.0248401	-1.14556	0.443669
27.3501	0.0248091	-1.12297	0.467584
27.4002	0.0250371	-1.09889	0.49502
27.4509	0.0253782	-1.07299	0.526916
27.4986	0.0238294	-1.04708	0.561416
27.5432	0.0223088	-1.02123	0.598575
27.585	0.0209046	-0.9954	0.638572
27.6242	0.0196117	-0.969538	0.681599
27.6611	0.0184213	-0.943602	0.727857
27.6957	0.0173247	-0.917549	0.777556
27.7243	0.0142991	-0.894668	0.823941
27.7502	0.0129476	-0.872741	0.87084
27.7739	0.0118552	-0.851542	0.918489
27.7978	0.0119256	-0.829018	0.97163
27.8197	0.0109476	-0.807167	1.02567
27.8399	0.0101109	-0.785882	1.08068
27.8587	0.00940449	-0.76504	1.13681
27.8763	0.00879768	-0.744544	1.19418
27.8928	0.00826891	-0.724319	1.2529
27.9084	0.00780283	-0.704307	1.31305
27.9232	0.00738819	-0.684458	1.3747
27.9372	0.00701646	-0.664732	1.43791
27.9506	0.00668104	-0.645093	1.50274
27.9634	0.0063767	-0.625511	1.56923
27.9756	0.00609925	-0.60596	1.63743
27.9872	0.00584528	-0.586416	1.70738
27.9985	0.00561195	-0.566856	1.77913
28.0093	0.00539691	-0.547262	1.85271
28.0197	0.00519818	-0.527614	1.92815
28.0297	0.00501407	-0.507896	2.0055
28.0394	0.00484314	-0.488092	2.08479
28.0487	0.00468414	-0.468186	2.16604
28.0578	0.00453599	-0.448163	2.24929
28.0666	0.00439777	-0.42801	2.33457
28.0751	0.00426864	-0.407711	2.4219
28.0834	0.00414788	-0.387253	2.51132
28.0915	0.00403487	-0.366623	2.60285
28.0994	0.00392904	-0.345806	2.69653
28.107	0.00382989	-0.324788	2.79236
28.1145	0.00373698	-0.303556	2.89039
28.1218	0.00364992	-0.282095	2.99062
28.1289	0.00356836	-0.26039	3.09309
28.1359	0.00349201	-0.238426	3.19782
28.1428	0.00342058	-0.216187	3.30482
28.1495	0.00335383	-0.193657	3.41411
28.1561	0.00329157	-0.170818	3.5257
28.1625	0.00323359	-0.147651	3.63962
28.1689	0.00317976	-0.124139	3.75587
28.1751	0.00312993	-0.10026	3.87446
28.1813	0.003084	-0.0759921	3.99539
28.1874	0.00304188	-0.0513132	4.11866
28.1934	0.00300349	-0.0261981	4.24427
28.1993	0.0029688	-0.000620238	4.37221
28.2052	0.00293778	0.0254489	4.50245
28.211	0.00291041	0.05204	4.63497
28.2168	0.00288671	0.0791864	4.76972
28.2225	0.00286671	0.106924	4.90666
28.2282	0.00285044	0.13529	5.04571
28.2339	0.00283794	0.164328	5.18678
28.2396	0.00282928	0.19408	5.32973
28.2452	0.00282447	0.224595	5.47442
28.2509	0.00282355	0.255922	5.62064
28.2565	0.00282645	0.288111	5.76811
28.2622	0.00283305	0.321214	5.91652
28.2679	0.00284306	0.355279	6.06541
28.2736	0.00285594	0.39035	6.21424
28.2793	0.00287082	0.426456	6.36228
28.2851	0.00288636	0.463609	6.50865
28.2909	0.00290057	0.501786	6.65223
28.2967	0.00291076	0.540921	6.79165
28.3026	0.00291359	0.580892	6.92532
28.3084	0.00290533	0.621504	7.05145
28.3141	0.00288262	0.662501	7.1682
28.3198	0.00284329	0.703571	7.27382
28.3254	0.0027873	0.744386	7.36686
28.3308	0.00271691	0.78464	7.44629
28.3361	0.00263616	0.82408	7.51163
28.3412	0.00254979	0.862524	7.56281
28.3461	0.00246222	0.899866	7.60017
28.3509	0.00237689	0.93606	7.62425
28.3555	0.00229615	0.971106	7.63573
28.3599	0.00222135	1.00504	7.63534
28.3642	0.00215313	1.0379	7.62379
28.3684	0.00209163	1.06975	7.60176
28.3725	0.00203671	1.10065	7.56987
28.3764	0.0019881	1.13068	7.52868
28.3803	0.00194543	1.15988	7.47871
28.3842	0.00190835	1.18831	7.42039
28.3879	0.00187653	1.21604	7.35414
28.3916	0.00184967	1.24312	7.28029
28.3953	0.00182753	1.26958	7.19915
28.3989	0.00180993	1.29548	7.11097
28.4025	0.00179676	1.32087	7.01597
28.4061	0.00178798	1.34578	6.91432
28.4096	0.00178362	1.37026	6.80615
28.4132	0.00178379	1.39434	6.69156
28.4168	0.00178874	1.41806	6.57058
28.4204	0.00179881	1.44147	6.44319
28.424	0.00181455	1.46461	6.30931
28.4277	0.0018367	1.48754	6.16879
28.4314	0.00186637	1.51029	6.02135
28.4352	0.00190512	1.53294	5.86659
28.4391	0.00195531	1.55556	5.70389
28.4432	0.00202055	1.57827	5.53234
28.4474	0.00210677	1.6012	5.35055
28.4518	0.00222445	1.62457	5.15621
28.4566	0.00239462	1.64876	4.94533
28.4619	0.0026684	1.67452	4.7096
28.4684	0.0032275	1.70401	4.42544
28.474	0.00279028	1.72802	4.18233
28.4793	0.00267265	1.74976	3.95305
28.4842	0.00241394	1.76835	3.74987
28.489	0.00243181	1.7861	3.54967
28.4935	0.00224781	1.80165	3.36915
28.4978	0.00212541	1.81562	3.20287
28.5018	0.00204027	1.82837	3.04755
28.5058	0.00197747	1.84013	2.90125
28.5097	0.00192961	1.85106	2.76266
28.5134	0.00189246	1.86126	2.63086
28.5172	0.00186343	1.87083	2.50515
28.5209	0.00184077	1.87983	2.38499
28.5245	0.00182329	1.88832	2.26994
28.5281	0.00181012	1.89633	2.15964
28.5317	0.00180063	1.90392	2.0538
28.5353	0.00179433	1.9111	1.95214
28.5389	0.00179086	1.91792	1.85446
28.5425	0.00178991	1.92439	1.76055
28.5461	0.00179128	1.93053	1.67023
28.5496	0.00179477	1.93637	1.58337
28.5532	0.00180024	1.94192	1.4998
28.5569	0.00180758	1.94719	1.41941
28.5605	0.00181672	1.95221	1.34208
28.5642	0.00182757	1.95698	1.2677
28.5678	0.00184008	1.96151	1.19616
28.5715	0.00185423	1.96582	1.12738
28.5753	0.00186999	1.96991	1.06126
28.5791	0.00188735	1.97379	0.997719
28.5829	0.00190631	1.97748	0.936681
28.5867	0.00192687	1.98097	0.878069
28.5906	0.00194906	1.98429	0.82181
28.5946	0.0019729	1.98742	0.767836
28.5986	0.00199843	1.99038	0.716082
28.6026	0.00202569	1.99318	0.666483
28.6067	0.00205473	1.99582	0.618979
28.6109	0.00208561	1.99831	0.57351
28.6151	0.0021184	2.00064	0.530018
28.6194	0.00215319	2.00284	0.488448
28.6238	0.00219006	2.00489	0.448746
28.6283	0.0022291	2.0068	0.410858
28.6328	0.00227044	2.00858	0.374733
28.6374	0.00231418	2.01024	0.340319
28.6422	0.00236048	2.01177	0.307569
28.647	0.00240947	2.01317	0.276433
28.6519	0.00246134	2.01446	0.246863
28.6569	0.00251625	2.01563	0.218812
28.6621	0.00257442	2.01669	0.192236
28.6674	0.00263608	2.01763	0.167087
28.6728	0.00270147	2.01847	0.143321
28.6783	0.00277088	2.0192	0.120895
28.684	0.00284463	2.01983	0.0997641
28.6898	0.00292305	2.02035	0.0798858
28.6959	0.00300654	2.02077	0.0612173
28.702	0.00309554	2.0211	0.0437164
28.7084	0.00319054	2.02132	0.0273416
28.715	0.00329209	2.02145	0.0120512
28.7218	0.00340082	2.02148	-0.0021955
28.7288	0.00351745	2.02142	-0.0154393
28.7361	0.00364279	2.02126	-0.0277205
28.7437	0.00377776	2.02101	-0.0390792
28.7515	0.00392343	2.02066	-0.0495551
28.7597	0.00408103	2.02021	-0.0591877
28.7682	0.00425199	2.01967	-0.0680163
28.7771	0.00443798	2.01903	-0.0760798
28.7864	0.00464094	2.01829	-0.0834171
28.7961	0.00486317	2.01744	-0.0900669
28.8063	0.00510742	2.01649	-0.0960674
28.8171	0.00537695	2.01543	-0.101457
28.8284	0.0056757	2.01425	-0.106274
28.8404	0.00600848	2.01294	-0.110555
28.8532	0.00638116	2.01151	-0.11434
28.8668	0.00680105	2.00993	-0.117665
28.8813	0.00727733	2.00819	-0.120569
28.897	0.00782163	2.00629	-0.123088
28.9139	0.00844899	2.00419	-0.125262
28.9322	0.0091791	2.00187	-0.127127
28.9523	0.0100383	1.9993	-0.128722
28.9744	0.0110624	1.99644	-0.130086
28.999	0.0123017	1.99322	-0.131258
29.0267	0.0138287	1.98958	-0.132281
29.0582	0.015752	1.98539	-0.133198
29.0947	0.0182425	1.98052	-0.134058
29.1379	0.0215878	1.97471	-0.134918
29.1905	0.026322	1.96758	-0.135853
29.2577	0.0336192	1.95841	-0.136977
29.352	0.0471262	1.94542	-0.138532
29.4868	0.0673783	1.9266	-0.140819
29.6052	0.0592158	1.9098	-0.142917
29.7235	0.0591679	1.89276	-0.145115
29.8388	0.0576302	1.87591	-0.147361
29.9519	0.0565649	1.85911	-0.149675
30.0633	0.0557047	1.8423	-0.152071
30.173	0.0548529	1.82549	-0.154552
30.281	0.0539827	1.80866	-0.157122
30.3872	0.0530996	1.79184	-0.159786
30.4916	0.0522076	1.77501	-0.162548
30.5942	0.0513083	1.75819	-0.165414
30.695	0.050403	1.74137	-0.168388
30.794	0.049493	1.72455	-0.171478
30.8912	0.0485794	1.70773	-0.174688
30.9865	0.0476633	1.69092	-0.178027
31.08	0.046746	1.67412	-0.181501
31.1717	0.0458285	1.65732	-0.185118
31.2615	0.0449119	1.64053	-0.188887
31.3495	0.0439973	1.62374	-0.192818
31.4356	0.0430857	1.60695	-0.196919
31.52	0.0421783	1.59016	-0.201203
31.6026	0.041276	1.57337	-0.205681
31.6833	0.0403799	1.55657	-0.210367
31.7623	0.0394911	1.53976	-0.215274
31.8395	0.0386105	1.52295	-0.220418
31.915	0.0377392	1.50611	-0.225817
31.9888	0.0368783	1.48925	-0.231489
32.0608	0.0360288	1.47236	-0.237455
32.1312	0.0351919	1.45543	-0.243738
32.1999	0.0343686	1.43845	-0.250364
32.267	0.0335603	1.42141	-0.257362
32.3326	0.0327681	1.40431	-0.264763
32.3966	0.0319935	1.38712	-0.272603
32.459	0.0312379	1.36984	-0.280923
32.5201	0.030503	1.35244	-0.289769
32.5796	0.0297906	1.3349	-0.299193
32.6378	0.0291029	1.3172	-0.309255
32.6947	0.0284425	1.29931	-0.320026
32.7504	0.0278125	1.28119	-0.331587
32.8048	0.0272168	1.26281	-0.344034
32.8581	0.0266604	1.24412	-0.357484
32.9104	0.0261499	1.22505	-0.372076
32.9618	0.0256945	1.20553	-0.387984
33.0124	0.0253072	1.18546	-0.405429
33.0624	0.0250078	1.16472	-0.424698
33.1121	0.0248273	1.14311	-0.446182
33.1617	0.0248193	1.12038	-0.47044
33.2119	0.0250855	1.0961	-0.498339
33.2623	0.0252059	1.0702	-0.530507
33.3096	0.0236597	1.0443	-0.565284
33.3539	0.0221521	1.01845	-0.602739
33.3954	0.0207603	0.992619	-0.643053
33.4344	0.0194789	0.966751	-0.686418
33.471	0.0182989	0.940805	-0.733037
33.5054	0.017212	0.914737	-0.783119
33.5337	0.0141145	0.891994	-0.829533
33.5593	0.0128048	0.870164	-0.876511
33.5851	0.0129053	0.846878	-0.92928
33.6085	0.0117378	0.824452	-0.98272
33.6301	0.0107629	0.802728	-1.03695
33.65	0.00995548	0.781545	-1.09218
33.6685	0.00927181	0.760781	-1.14855
33.6859	0.00868265	0.740346	-1.2062
33.7022	0.00816792	0.72017	-1.26521
33.7177	0.00771329	0.700195	-1.32566
33.7323	0.00730813	0.680374	-1.38763
33.7462	0.00694439	0.660669	-1.45117
33.7594	0.00661578	0.641044	-1.51633
33.772	0.00631731	0.621471	-1.58317
33.7841	0.00604497	0.601923	-1.65173
33.7957	0.00579547	0.582378	-1.72205
33.8068	0.0055661	0.562812	-1.79418
33.8176	0.00535458	0.543208	-1.86814
33.8279	0.005159	0.523548	-1.94397
33.8378	0.00497772	0.503813	-2.02172
33.8474	0.00480935	0.483989	-2.10141
33.8567	0.00465268	0.46406	-2.18307
33.8658	0.00450666	0.444012	-2.26674
33.8745	0.00437037	0.423829	-2.35244
33.883	0.00424303	0.403499	-2.4402
33.8912	0.00412393	0.383007	-2.53005
33.8993	0.00401244	0.362339	-2.62203
33.9071	0.00390803	0.341481	-2.71614
33.9147	0.0038102	0.320421	-2.81243
33.9221	0.00371853	0.299143	-2.91091
33.9294	0.00363263	0.277632	-3.01161
33.9365	0.00355218	0.255875	-3.11454
33.9435	0.00347686	0.233856	-3.21973
33.9503	0.00340641	0.211558	-3.3272
33.957	0.00334061	0.188965	-3.43697
33.9635	0.00327925	0.16606	-3.54904
33.97	0.00322214	0.142824	-3.66344
33.9763	0.00316914	0.119237	-3.78017
33.9825	0.00312013	0.0952795	-3.89924
33.9887	0.00307499	0.070929	-4.02066
33.9948	0.00303364	0.0461621	-4.14441
34.0007	0.00299602	0.0209537	-4.27051
34.0067	0.00296209	-0.00472325	-4.39892
34.0125	0.00293182	-0.0308976	-4.52964
34.0183	0.00290521	-0.0576006	-4.66262
34.0241	0.00288228	-0.084866	-4.79783
34.0298	0.00286304	-0.11273	-4.93522
34.0355	0.00284754	-0.141232	-5.07469
34.0412	0.00283584	-0.170413	-5.21615
34.0469	0.00282797	-0.200319	-5.35948
34.0525	0.00282396	-0.230998	-5.50451
34.0581	0.00282384	-0.262498	-5.65101
34.0638	0.00282752	-0.294872	-5.79871
34.0695	0.00283485	-0.32817	-5.94725
34.0752	0.00284551	-0.36244	-6.09618
34.0809	0.00285889	-0.397722	-6.24491
34.0866	0.00287403	-0.434045	-6.39269
34.0924	0.00288948	-0.471412	-6.53858
34.0982	0.0029031	-0.509794	-6.68142
34.104	0.00291207	-0.549114	-6.81979
34.1099	0.00291291	-0.589235	-6.95205
34.1157	0.00290192	-0.629951	-7.0764
34.1214	0.00287589	-0.670989	-7.19099
34.1271	0.00283305	-0.712033	-7.29411
34.1326	0.00277383	-0.752757	-7.3844
34.138	0.00270092	-0.792861	-7.46095
34.1433	0.00261862	-0.832107	-7.52335
34.1483	0.00253167	-0.87033	-7.57165
34.1532	0.00244432	-0.907437	-7.60621
34.1579	0.00235978	-0.943393	-7.62763
34.1625	0.00228019	-0.978205	-7.6366
34.1669	0.00220671	-1.01191	-7.63385
34.1712	0.00213988	-1.04456	-7.62008
34.1754	0.00207975	-1.07621	-7.59596
34.1794	0.00202617	-1.10693	-7.5621
34.1834	0.00197881	-1.13677	-7.51906
34.1872	0.00193733	-1.16581	-7.46733
34.191	0.00190136	-1.1941	-7.40735
34.1948	0.00187058	-1.22169	-7.3395
34.1985	0.00184471	-1.24863	-7.26412
34.2021	0.00182352	-1.27498	-7.1815
34.2057	0.00180685	-1.30077	-7.0919
34.2093	0.00179459	-1.32605	-6.99551
34.2129	0.00178671	-1.35087	-6.89251
34.2165	0.00178328	-1.37526	-6.78301
34.22	0.00178441	-1.39926	-6.6671
34.2236	0.00179038	-1.42292	-6.54479
34.2272	0.00180158	-1.44627	-6.41607
34.2309	0.00181857	-1.46937	-6.28084
34.2345	0.00184217	-1.49225	-6.13891
34.2383	0.00187356	-1.51497	-5.99
34.2421	0.00191446	-1.53761	-5.83366
34.2461	0.0019674	-1.56024	-5.66922
34.2501	0.00203639	-1.58298	-5.49569
34.2544	0.00212802	-1.60598	-5.31153
34.2589	0.00225428	-1.62948	-5.11419
34.2638	0.00243993	-1.65392	-4.89909
34.2693	0.00274872	-1.68018	-4.65628
34.2761	0.00343923	-1.71117	-4.35405
34.2816	0.00272865	-1.73428	-4.11724
34.2868	0.00259157	-1.75504	-3.89599
34.2915	0.00236208	-1.77298	-3.69828
34.2963	0.00237579	-1.79009	-3.50386
34.3007	0.00221296	-1.8052	-3.32726
34.3049	0.00210187	-1.81884	-3.16389
34.3089	0.00202318	-1.83133	-3.01093
34.3129	0.00196456	-1.84288	-2.86662
34.3167	0.00191964	-1.85362	-2.72977
34.3205	0.00188468	-1.86366	-2.59952
34.3242	0.00185734	-1.87309	-2.47522
34.3279	0.00183605	-1.88196	-2.35634
34.3315	0.00181969	-1.89032	-2.24249
34.3351	0.00180748	-1.89823	-2.13331
34.3387	0.00179881	-1.90571	-2.02851
34.3423	0.00179323	-1.91281	-1.92785
34.3459	0.0017904	-1.91954	-1.83111
34.3495	0.00179004	-1.92592	-1.73809
34.353	0.00179194	-1.93199	-1.64864
34.3566	0.00179593	-1.93776	-1.56259
34.3602	0.00180187	-1.94324	-1.47982
34.3639	0.00180966	-1.94845	-1.40019
34.3675	0.00181922	-1.9534	-1.32359
34.3712	0.00183048	-1.95811	-1.24991
34.3748	0.0018434	-1.96259	-1.17906
34.3786	0.00185795	-1.96684	-1.11094
34.3823	0.0018741	-1.97088	-1.04546
34.3861	0.00189185	-1.97471	-0.982536
34.3899	0.0019112	-1.97835	-0.922099
34.3938	0.00193216	-1.9818	-0.86407
34.3977	0.00195475	-1.98507	-0.808377
34.4016	0.001979	-1.98816	-0.754954
34.4057	0.00200494	-1.99108	-0.703733
34.4097	0.00203263	-1.99384	-0.654653
34.4138	0.00206212	-1.99645	-0.607653
34.418	0.00209346	-1.99889	-0.562674
34.4223	0.00212674	-2.0012	-0.519658
34.4266	0.00216203	-2.00335	-0.47855
34.431	0.00219942	-2.00537	-0.439297
34.4355	0.00223901	-2.00725	-0.401846
34.4401	0.00228093	-2.009	-0.366145
34.4447	0.00232528	-2.01062	-0.332144
34.4494	0.00237223	-2.01212	-0.299793
34.4543	0.00242191	-2.0135	-0.269045
34.4592	0.0024745	-2.01476	-0.239852
34.4643	0.00253019	-2.0159	-0.212166
34.4695	0.0025892	-2.01693	-0.185944
34.4748	0.00265175	-2.01785	-0.161138
34.4802	0.0027181	-2.01866	-0.137705
34.4858	0.00278854	-2.01936	-0.1156
34.4915	0.00286339	-2.01996	-0.0947796
34.4974	0.00294302	-2.02046	-0.0752016
34.5035	0.00302782	-2.02086	-0.0568231
34.5097	0.00311824	-2.02116	-0.039602
34.5161	0.00321479	-2.02136	-0.0234966
34.5228	0.00331804	-2.02147	-0.00846578
34.5296	0.00342864	-2.02148	0.00553149
34.5367	0.00354732	-2.02139	0.0185357
34.5441	0.00367492	-2.02121	0.0305873
34.5517	0.00381241	-2.02093	0.041726
34.5596	0.00396088	-2.02056	0.0519916
34.5679	0.00412162	-2.02009	0.0614236
34.5764	0.0042961	-2.01952	0.0700611
34.5854	0.00448605	-2.01886	0.0779432
34.5948	0.00469351	-2.01809	0.0851085
34.6046	0.00492086	-2.01722	0.0915956
34.615	0.00517098	-2.01624	0.0974429
34.6259	0.00544728	-2.01515	0.102689
34.6374	0.00575388	-2.01394	0.107371
34.6496	0.00609584	-2.0126	0.111527
34.6625	0.00647935	-2.01113	0.115196
34.6764	0.00691213	-2.00952	0.118414
34.6912	0.00740388	-2.00774	0.12122
34.7071	0.00796699	-2.00579	0.123651
34.7243	0.00861749	-2.00364	0.125746
34.7431	0.00937648	-2.00127	0.127541
34.7636	0.0102723	-1.99863	0.129076
34.7863	0.0113438	-1.99568	0.130389
34.8116	0.0126458	-1.99237	0.131521
34.8401	0.014258	-1.98861	0.132514
34.8727	0.0163012	-1.98427	0.133412
34.9107	0.0189683	-1.97919	0.134266
34.9559	0.02259	-1.9731	0.135137
35.0115	0.0278018	-1.96556	0.136105
35.0836	0.0360876	-1.9557	0.137303
35.1892	0.0527951	-1.94111	0.139051
35.3189	0.0648186	-1.92294	0.141271
35.4483	0.0647087	-1.90451	0.143594
35.5659	0.0587953	-1.88749	0.14581
35.6797	0.0568915	-1.87078	0.14806
35.792	0.0561907	-1.85401	0.150394
35.9029	0.0554403	-1.8372	0.152815
36.0121	0.0545937	-1.82038	0.155322
36.1195	0.053717	-1.80356	0.157921
36.2252	0.0528299	-1.78673	0.160614
36.3291	0.0519353	-1.7699	0.163407
36.4311	0.051034	-1.75308	0.166305
36.5314	0.0501272	-1.73626	0.169314
36.6298	0.0492159	-1.71944	0.17244
36.7264	0.0483014	-1.70263	0.175688
36.8212	0.0473849	-1.68582	0.179067
36.9141	0.0464674	-1.66902	0.182584
37.0052	0.04555	-1.65222	0.186246
37.0945	0.0446339	-1.63543	0.190063
37.1819	0.0437201	-1.61864	0.194044
37.2676	0.0428097	-1.60185	0.1982
37.3514	0.0419037	-1.58506	0.202542
37.4334	0.0410032	-1.56827	0.207081
37.5136	0.0401092	-1.55147	0.211833
37.592	0.0392228	-1.53466	0.21681
37.6687	0.0383449	-1.51784	0.22203
37.7437	0.0374766	-1.50099	0.227509
37.8169	0.0366191	-1.48412	0.233268
37.8885	0.0357733	-1.46722	0.239328
37.9583	0.0349404	-1.45028	0.245713
38.0266	0.0341216	-1.43328	0.252448
38.0932	0.033318	-1.41623	0.259565
38.1583	0.032531	-1.3991	0.267095
38.2218	0.031762	-1.38189	0.275076
38.2838	0.0310125	-1.36457	0.283551
38.3444	0.0302842	-1.34713	0.292566
38.4036	0.0295791	-1.32954	0.302177
38.4614	0.0288994	-1.31179	0.312447
38.5179	0.0282478	-1.29383	0.323448
38.5731	0.0276278	-1.27564	0.335267
38.6272	0.0270434	-1.25717	0.348006
38.6802	0.0265001	-1.23837	0.361786
38.7322	0.0260053	-1.21917	0.376758
38.7833	0.025569	-1.1995	0.393107
38.8338	0.0252059	-1.17924	0.411071
38.8836	0.0249385	-1.15826	0.430965
38.9332	0.0248032	-1.13634	0.453222
38.983	0.0248643	-1.1132	0.478474
39.0335	0.0252487	-1.08832	0.507732
39.0829	0.024735	-1.06242	0.54067
39.1293	0.0231945	-1.03654	0.576232
39.1728	0.0217224	-1.0107	0.614525
39.2135	0.0203647	-0.984864	0.655733
39.2517	0.0191146	-0.958977	0.700053
39.2877	0.0179634	-0.932999	0.747688
39.3215	0.0169028	-0.906886	0.798851
39.3487	0.0136345	-0.884485	0.845422
39.3736	0.0124187	-0.862915	0.892641
39.3986	0.0125057	-0.839946	0.945524
39.4214	0.0114183	-0.817756	0.999176
39.4424	0.0105011	-0.796213	1.05369
39.4619	0.0097353	-0.775168	1.10925
39.4801	0.00908306	-0.754513	1.166
39.4971	0.00851842	-0.734164	1.22406
39.5131	0.00802335	-0.714055	1.2835
39.5283	0.00758481	-0.694132	1.34441
39.5427	0.00719306	-0.67435	1.40685
39.5564	0.00684063	-0.654673	1.47088
39.5694	0.0065217	-0.635067	1.53655
39.5819	0.00623159	-0.615504	1.60391
39.5938	0.00596654	-0.595959	1.673
39.6053	0.00572345	-0.576409	1.74387
39.6163	0.00549975	-0.556834	1.81655
39.6268	0.00529329	-0.537215	1.89108
39.6371	0.00510223	-0.517534	1.9675
39.6469	0.00492503	-0.497773	2.04583
39.6564	0.00476035	-0.477919	2.12612
39.6656	0.00460703	-0.457955	2.20839
39.6746	0.00446407	-0.437867	2.29267
39.6832	0.0043306	-0.417641	2.379
39.6916	0.00420584	-0.397263	2.4674
39.6998	0.00408912	-0.376718	2.5579
39.7078	0.00397985	-0.355994	2.65052
39.7155	0.00387749	-0.335076	2.7453
39.7231	0.00378159	-0.313951	2.84225
39.7305	0.00369172	-0.292603	2.9414
39.7377	0.00360752	-0.271019	3.04278
39.7448	0.00352866	-0.249184	3.1464
39.7517	0.00345485	-0.227081	3.25229
39.7584	0.00338585	-0.204695	3.36046
39.7651	0.00332142	-0.182009	3.47093
39.7716	0.00326137	-0.159004	3.58371
39.778	0.00320554	-0.135663	3.69882
39.7843	0.00315377	-0.111966	3.81626
39.7905	0.00310595	-0.0878908	3.93605
39.7967	0.00306197	-0.0634158	4.05818
39.8027	0.00302177	-0.0385169	4.18265
39.8087	0.00298528	-0.0131684	4.30945
39.8146	0.00295247	0.0126571	4.43857
39.8204	0.00292331	0.0389894	4.56998
39.8262	0.00289782	0.0658604	4.70365
39.832	0.00287601	0.0933045	4.83953
39.8377	0.00285791	0.121359	4.97756
39.8434	0.00284357	0.150063	5.11766
39.849	0.00283303	0.179461	5.25971
39.8547	0.00282633	0.209598	5.40357
39.8603	0.00282352	0.240521	5.54907
39.866	0.00282456	0.272283	5.69597
39.8716	0.00282938	0.304933	5.84397
39.8773	0.00283777	0.338523	5.99269
39.883	0.00284934	0.373098	6.14162
39.8887	0.00286338	0.408696	6.29015
39.8945	0.0028788	0.445338	6.43746
39.9003	0.00289395	0.48302	6.58256
39.9061	0.00290648	0.521699	6.72419
39.9119	0.00291336	0.561282	6.86088
39.9178	0.00291098	0.601609	6.99092
39.9235	0.00289569	0.642455	7.11249
39.9293	0.00286463	0.683529	7.22374
39.9349	0.00281663	0.72451	7.32308
39.9404	0.00275285	0.765074	7.40925
39.9458	0.00267658	0.804938	7.4815
39.9509	0.00259237	0.843886	7.53957
39.956	0.00250488	0.881776	7.58363
39.9608	0.0024181	0.918533	7.61411
39.9655	0.0023349	0.954137	7.63166
39.97	0.00225708	0.988606	7.63697
39.9743	0.0021856	1.02198	7.63078
39.9786	0.00212082	1.05432	7.61379
39.9827	0.00206272	1.08568	7.58663
39.9867	0.00201107	1.11612	7.54992
39.9907	0.00196554	1.14572	7.50417
39.9945	0.00192578	1.17452	7.44988
39.9983	0.00189143	1.20259	7.38746
40.002	0.00186218	1.22998	7.31728
